,cluster
0,3
1,0
2,5
3,6
4,5
5,5
6,2
7,6
8,0
9,3
10,3
11,3
12,3
13,2
14,0
15,5
16,5
17,6
18,6
19,5
20,0
21,2
22,5
23,3
24,5
25,6
26,5
27,3
28,0
29,0
30,2
31,3
32,5
33,2
34,6
35,6
36,5
37,5
38,5
39,0
40,1
41,5
42,5
43,3
44,5
45,5
46,5
47,5
48,3
49,2
50,5
51,6
52,5
53,3
54,6
55,5
56,5
57,0
58,5
59,6
60,0
61,6
62,6
63,5
64,6
65,5
66,5
67,5
68,6
69,6
70,5
71,3
72,6
73,0
74,0
75,0
76,5
77,5
78,6
79,5
80,5
81,6
82,6
83,5
84,6
85,6
86,5
87,0
88,0
89,6
90,5
91,5
92,2
93,5
94,3
95,6
96,5
97,5
98,5
99,5
100,0
101,5
102,5
103,5
104,2
105,0
106,5
107,0
108,6
109,5
110,2
111,5
112,5
113,6
114,6
115,6
116,5
117,5
118,0
119,5
120,5
121,5
122,3
123,6
124,0
125,6
126,3
127,5
128,5
129,0
130,5
131,5
132,6
133,3
134,2
135,6
136,6
137,5
138,5
139,6
140,0
141,6
142,3
143,6
144,6
145,3
146,6
147,5
148,6
149,0
150,6
151,2
152,5
153,6
154,5
155,0
156,5
157,4
158,5
159,5
160,5
161,5
162,0
163,3
164,5
165,5
166,5
167,0
168,6
169,5
170,5
171,5
172,0
173,3
174,6
175,0
176,3
177,5
178,3
179,0
180,5
181,0
182,5
183,6
184,6
185,5
186,0
187,5
188,4
189,6
190,6
191,3
192,5
193,6
194,3
195,0
196,5
197,5
198,3
199,5
200,6
201,0
202,0
203,6
204,6
205,6
206,6
207,1
208,6
209,6
210,5
211,6
212,5
213,6
214,6
215,5
216,6
217,5
218,6
219,2
220,0
221,3
222,3
223,6
224,5
225,6
226,5
227,6
228,3
229,3
230,3
231,6
232,6
233,0
234,5
235,3
236,0
237,5
238,6
239,3
240,5
241,6
242,6
243,2
244,0
245,2
246,6
247,3
248,0
249,0
250,6
251,5
252,6
253,5
254,0
255,0
256,6
257,3
258,6
259,5
260,6
261,3
262,6
263,6
264,3
265,5
266,5
267,5
268,5
269,2
270,3
271,6
272,5
273,6
274,3
275,0
276,5
277,0
278,0
279,3
280,5
281,3
282,3
283,5
284,5
285,4
286,2
287,5
288,2
289,6
290,5
291,5
292,0
293,3
294,5
295,4
296,5
297,6
298,5
299,5
300,2
301,5
302,6
303,5
304,0
305,6
306,3
307,5
308,6
309,3
310,5
311,5
312,6
313,1
314,4
315,5
316,4
317,5
318,2
319,2
320,6
321,5
322,3
323,6
324,3
325,3
326,5
327,3
328,2
329,5
330,6
331,5
332,0
333,5
334,3
335,5
336,6
337,6
338,6
339,5
340,2
341,6
342,3
343,6
344,6
345,5
346,6
347,5
348,6
349,5
350,3
351,0
352,5
353,0
354,6
355,0
356,6
357,3
358,5
359,0
360,4
361,0
362,3
363,5
364,5
365,6
366,5
367,3
368,5
369,4
370,2
371,0
372,5
373,5
374,0
375,2
376,3
377,0
378,2
379,5
380,2
381,5
382,0
383,3
384,0
385,5
386,0
387,0
388,6
389,5
390,5
391,3
392,6
393,0
394,6
395,3
396,0
397,6
398,5
399,0
400,0
401,6
402,3
403,6
404,5
405,5
406,3
407,2
408,5
409,5
410,6
411,6
412,0
413,5
414,5
415,3
416,3
417,5
418,5
419,6
420,3
421,0
422,5
423,3
424,2
425,4
426,3
427,5
428,3
429,0
430,3
431,3
432,3
433,5
434,5
435,5
436,5
437,0
438,3
439,3
440,3
441,5
442,6
443,6
444,3
445,0
446,0
447,0
448,6
449,6
450,0
451,6
452,6
453,6
454,6
455,5
456,6
457,6
458,1
459,1
460,3
461,6
462,6
463,6
464,2
465,5
466,0
467,3
468,5
469,5
470,5
471,5
472,3
473,5
474,6
475,6
476,5
477,5
478,6
479,3
480,6
481,5
482,0
483,6
484,6
485,6
486,0
487,6
488,0
489,6
490,6
491,5
492,0
493,3
494,6
495,5
496,6
497,6
498,6
499,0
500,5
501,2
502,3
503,6
504,5
505,6
506,3
507,5
508,5
509,6
510,5
511,6
512,6
513,2
514,5
515,6
516,2
517,6
518,5
519,3
520,6
521,5
522,5
523,2
524,5
525,0
526,5
527,5
528,4
529,0
530,6
531,0
532,0
533,5
534,6
535,2
536,0
537,0
538,6
539,4
540,2
541,6
542,5
543,5
544,5
545,6
546,3
547,6
548,6
549,3
550,5
551,5
552,6
553,5
554,5
555,0
556,0
557,0
558,4
559,5
560,0
561,6
562,0
563,0
564,6
565,3
566,5
567,6
568,2
569,5
570,6
571,5
572,0
573,6
574,6
575,0
576,5
577,2
578,5
579,5
580,5
581,5
582,0
583,5
584,0
585,5
586,0
587,0
588,2
589,0
590,5
591,6
592,3
593,3
594,6
595,5
596,2
597,0
598,0
599,0
600,5
601,2
602,6
603,5
604,0
605,6
606,2
607,3
608,5
609,0
610,4
611,3
612,2
613,5
614,6
615,6
616,0
617,4
618,5
619,5
620,5
621,5
622,6
623,6
624,2
625,5
626,0
627,0
628,0
629,0
630,5
631,6
632,3
633,0
634,3
635,6
636,3
637,6
638,0
639,5
640,5
641,6
642,0
643,5
644,5
645,5
646,3
647,0
648,5
649,3
650,0
651,3
652,6
653,0
654,5
655,3
656,2
657,6
658,3
659,1
660,2
661,3
662,6
663,5
664,5
665,5
666,5
667,5
668,0
669,0
670,1
671,5
672,5
673,6
674,3
675,6
676,1
677,5
678,4
679,5
680,5
681,5
682,3
683,3
684,5
685,3
686,0
687,4
688,0
689,6
690,2
691,5
692,5
693,6
694,3
695,5
696,3
697,6
698,6
699,5
700,3
701,6
702,6
703,5
704,2
705,6
706,5
707,5
708,6
709,6
710,6
711,6
712,5
713,0
714,6
715,6
716,6
717,6
718,6
719,5
720,5
721,5
722,3
723,5
724,3
725,6
726,5
727,6
728,5
729,5
730,0
731,3
732,5
733,5
734,6
735,6
736,3
737,2
738,0
739,0
740,2
741,0
742,2
743,5
744,3
745,0
746,6
747,3
748,6
749,6
750,0
751,6
752,5
753,3
754,0
755,6
756,5
757,5
758,0
759,3
760,5
761,3
762,6
763,2
764,6
765,3
766,6
767,3
768,6
769,3
770,5
771,2
772,6
773,0
774,5
775,5
776,5
777,4
778,6
779,5
780,2
781,6
782,0
783,5
784,5
785,6
786,3
787,5
788,0
789,0
790,0
791,0
792,0
793,3
794,6
795,0
796,3
797,5
798,3
799,5
800,3
801,6
802,0
803,2
804,5
805,6
806,5
807,6
808,4
809,6
810,3
811,6
812,0
813,6
814,5
815,6
816,6
817,5
818,4
819,3
820,6
821,0
822,0
823,3
824,5
825,5
826,3
827,3
828,5
829,2
830,5
831,6
832,6
833,6
834,6
835,5
836,5
837,5
838,6
839,5
840,6
841,5
842,5
843,5
844,5
845,5
846,5
847,0
848,1
849,6
850,0
851,0
852,5
853,3
854,0
855,2
856,0
857,0
858,2
859,3
860,6
861,5
862,5
863,5
864,3
865,2
866,2
867,5
868,1
869,2
870,0
871,5
872,5
873,5
874,0
875,5
876,3
877,5
878,6
879,6
880,3
881,6
882,6
883,2
884,6
885,5
886,5
887,6
888,5
889,5
890,2
891,3
892,6
893,5
894,2
895,3
896,6
897,2
898,5
899,6
900,3
901,0
902,6
903,2
904,0
905,5
906,6
907,6
908,6
909,5
910,3
911,6
912,6
913,6
914,0
915,3
916,0
917,5
918,0
919,6
920,3
921,3
922,2
923,3
924,6
925,6
926,5
927,6
928,6
929,6
930,3
931,5
932,3
933,6
934,6
935,6
936,3
937,3
938,5
939,5
940,0
941,6
942,3
943,5
944,3
945,3
946,6
947,0
948,3
949,6
950,6
951,6
952,5
953,5
954,6
955,0
956,2
957,6
958,0
959,3
960,6
961,6
962,0
963,0
964,5
965,2
966,5
967,0
968,6
969,5
970,5
971,3
972,6
973,2
974,3
975,0
976,6
977,6
978,6
979,3
980,0
981,6
982,6
983,5
984,5
985,3
986,6
987,5
988,6
989,5
990,6
991,2
992,3
993,0
994,6
995,6
996,6
997,5
998,5
999,4
1000,5
1001,0
1002,5
1003,5
1004,6
1005,0
1006,5
1007,0
1008,3
1009,6
1010,2
1011,3
1012,6
1013,2
1014,5
1015,2
1016,5
1017,5
1018,3
1019,6
1020,5
1021,2
1022,6
1023,6
1024,6
1025,3
1026,6
1027,0
1028,6
1029,6
1030,5
1031,6
1032,0
1033,6
1034,5
1035,6
1036,0
1037,3
1038,5
1039,6
1040,2
1041,6
1042,3
1043,6
1044,5
1045,0
1046,2
1047,5
1048,5
1049,5
1050,5
1051,0
1052,3
1053,6
1054,6
1055,5
1056,6
1057,6
1058,5
1059,6
1060,6
1061,5
1062,3
1063,6
1064,3
1065,5
1066,5
1067,6
1068,6
1069,6
1070,5
1071,4
1072,6
1073,6
1074,5
1075,6
1076,4
1077,0
1078,6
1079,6
1080,6
1081,5
1082,3
1083,5
1084,6
1085,5
1086,5
1087,6
1088,6
1089,2
1090,0
1091,6
1092,2
1093,5
1094,0
1095,3
1096,6
1097,3
1098,6
1099,0
1100,6
1101,6
1102,0
1103,3
1104,5
1105,6
1106,5
1107,3
1108,0
1109,5
1110,1
1111,5
1112,5
1113,0
1114,6
1115,0
1116,5
1117,5
1118,2
1119,2
1120,5
1121,6
1122,6
1123,6
1124,0
1125,0
1126,6
1127,5
1128,5
1129,3
1130,6
1131,5
1132,5
1133,5
1134,3
1135,2
1136,5
1137,6
1138,6
1139,1
1140,5
1141,5
1142,0
1143,3
1144,6
1145,6
1146,3
1147,6
1148,6
1149,5
1150,2
1151,5
1152,6
1153,4
1154,5
1155,5
1156,0
1157,5
1158,0
1159,6
1160,0
1161,6
1162,5
1163,6
1164,5
1165,6
1166,0
1167,6
1168,6
1169,5
1170,2
1171,0
1172,3
1173,5
1174,6
1175,6
1176,5
1177,6
1178,3
1179,0
1180,6
1181,5
1182,2
1183,0
1184,6
1185,5
1186,3
1187,6
1188,6
1189,5
1190,5
1191,5
1192,0
1193,5
1194,3
1195,5
1196,6
1197,5
1198,5
1199,2
1200,2
1201,5
1202,1
1203,6
1204,0
1205,6
1206,5
1207,0
1208,6
1209,5
1210,5
1211,0
1212,5
1213,3
1214,6
1215,5
1216,6
1217,6
1218,6
1219,6
1220,6
1221,5
1222,5
1223,5
1224,3
1225,3
1226,2
1227,6
1228,0
1229,4
1230,6
1231,2
1232,3
1233,6
1234,0
1235,6
1236,3
1237,3
1238,0
1239,5
1240,5
1241,5
1242,0
1243,3
1244,5
1245,6
1246,0
1247,5
1248,5
1249,0
1250,6
1251,0
1252,0
1253,6
1254,6
1255,3
1256,6
1257,5
1258,6
1259,3
1260,6
1261,0
1262,0
1263,5
1264,5
1265,0
1266,3
1267,3
1268,5
1269,6
1270,3
1271,5
1272,6
1273,5
1274,0
1275,3
1276,5
1277,5
1278,5
1279,5
1280,5
1281,5
1282,0
1283,0
1284,0
1285,6
1286,5
1287,5
1288,3
1289,3
1290,6
1291,5
1292,6
1293,3
1294,5
1295,3
1296,5
1297,5
1298,0
1299,3
1300,5
1301,0
1302,5
1303,5
1304,6
1305,6
1306,5
1307,5
1308,0
1309,3
1310,2
1311,5
1312,5
1313,5
1314,6
1315,3
1316,1
1317,5
1318,2
1319,5
1320,6
1321,5
1322,6
1323,3
1324,6
1325,3
1326,3
1327,2
1328,0
1329,5
1330,5
1331,5
1332,5
1333,6
1334,0
1335,5
1336,3
1337,5
1338,6
1339,4
1340,0
1341,6
1342,6
1343,3
1344,2
1345,6
1346,3
1347,5
1348,0
1349,2
1350,5
1351,3
1352,5
1353,6
1354,5
1355,0
1356,6
1357,6
1358,5
1359,5
1360,5
1361,6
1362,5
1363,5
1364,0
1365,6
1366,3
1367,6
1368,6
1369,5
1370,2
1371,3
1372,5
1373,6
1374,0
1375,5
1376,0
1377,3
1378,5
1379,4
1380,3
1381,3
1382,0
1383,5
1384,0
1385,3
1386,5
1387,3
1388,5
1389,0
1390,4
1391,6
1392,6
1393,0
1394,3
1395,6
1396,0
1397,0
1398,5
1399,3
1400,5
1401,5
1402,6
1403,5
1404,5
1405,5
1406,3
1407,6
1408,6
1409,5
1410,6
1411,0
1412,2
1413,0
1414,3
1415,5
1416,6
1417,3
1418,6
1419,6
1420,2
1421,6
1422,3
1423,3
1424,5
1425,5
1426,5
1427,3
1428,3
1429,5
1430,3
1431,0
1432,3
1433,6
1434,0
1435,5
1436,0
1437,3
1438,3
1439,5
1440,6
1441,5
1442,0
1443,5
1444,5
1445,5
1446,5
1447,6
1448,3
1449,5
1450,2
1451,5
1452,4
1453,0
1454,0
1455,6
1456,5
1457,0
1458,6
1459,0
1460,2
1461,5
1462,3
1463,6
1464,0
1465,2
1466,5
1467,3
1468,5
1469,0
1470,3
1471,6
1472,3
1473,4
1474,6
1475,6
1476,5
1477,6
1478,3
1479,5
1480,3
1481,2
1482,3
1483,3
1484,6
1485,5
1486,5
1487,0
1488,6
1489,3
1490,6
1491,3
1492,6
1493,3
1494,5
1495,0
1496,0
1497,5
1498,0
1499,0
1500,6
1501,4
1502,0
1503,6
1504,5
1505,3
1506,6
1507,3
1508,3
1509,6
1510,3
1511,3
1512,5
1513,0
1514,3
1515,6
1516,5
1517,3
1518,0
1519,6
1520,3
1521,0
1522,3
1523,5
1524,0
1525,6
1526,6
1527,6
1528,6
1529,5
1530,5
1531,6
1532,6
1533,6
1534,5
1535,6
1536,6
1537,6
1538,3
1539,0
1540,6
1541,3
1542,3
1543,3
1544,3
1545,3
1546,5
1547,5
1548,6
1549,3
1550,3
1551,5
1552,0
1553,6
1554,6
1555,6
1556,0
1557,4
1558,0
1559,0
1560,3
1561,5
1562,3
1563,6
1564,3
1565,3
1566,3
1567,3
1568,2
1569,6
1570,6
1571,0
1572,6
1573,5
1574,5
1575,5
1576,3
1577,6
1578,5
1579,3
1580,6
1581,5
1582,6
1583,6
1584,3
1585,3
1586,5
1587,5
1588,3
1589,6
1590,0
1591,5
1592,3
1593,3
1594,0
1595,3
1596,3
1597,0
1598,5
1599,6
1600,5
1601,5
1602,6
1603,3
1604,3
1605,6
1606,6
1607,6
1608,6
1609,5
1610,6
1611,6
1612,6
1613,6
1614,5
1615,6
1616,2
1617,0
1618,5
1619,6
1620,5
1621,1
1622,5
1623,5
1624,6
1625,6
1626,5
1627,6
1628,0
1629,0
1630,6
1631,5
1632,5
1633,3
1634,6
1635,5
1636,5
1637,3
1638,5
1639,3
1640,0
1641,5
1642,5
1643,5
1644,3
1645,5
1646,2
1647,6
1648,0
1649,0
1650,4
1651,6
1652,0
1653,5
1654,3
1655,3
1656,6
1657,3
1658,5
1659,5
1660,6
1661,5
1662,4
1663,6
1664,0
1665,5
1666,5
1667,5
1668,6
1669,5
1670,3
1671,6
1672,5
1673,5
1674,3
1675,5
1676,6
1677,5
1678,5
1679,3
1680,6
1681,2
1682,6
1683,5
1684,5
1685,6
1686,5
1687,3
1688,6
1689,0
1690,0
1691,5
1692,6
1693,0
1694,5
1695,6
1696,2
1697,5
1698,5
1699,5
1700,5
1701,2
1702,3
1703,6
1704,3
1705,3
1706,5
1707,0
1708,6
1709,3
1710,6
1711,6
1712,3
1713,6
1714,5
1715,5
1716,5
1717,2
1718,3
1719,6
1720,6
1721,6
1722,2
1723,5
1724,5
1725,0
1726,0
1727,0
1728,6
1729,5
1730,6
1731,2
1732,3
1733,6
1734,2
1735,5
1736,6
1737,0
1738,6
1739,5
1740,3
1741,5
1742,4
1743,5
1744,5
1745,3
1746,6
1747,5
1748,5
1749,5
1750,0
1751,5
1752,6
1753,5
1754,5
1755,5
1756,3
1757,6
1758,0
1759,0
1760,3
1761,6
1762,6
1763,6
1764,6
1765,3
1766,4
1767,5
1768,5
1769,0
1770,0
1771,6
1772,5
1773,6
1774,3
1775,3
1776,6
1777,5
1778,3
1779,3
1780,3
1781,6
1782,1
1783,3
1784,5
1785,2
1786,0
1787,5
1788,3
1789,6
1790,5
1791,0
1792,6
1793,6
1794,5
1795,0
1796,2
1797,6
1798,3
1799,4
1800,3
1801,5
1802,5
1803,5
1804,0
1805,3
1806,4
1807,5
1808,2
1809,2
1810,5
1811,5
1812,5
1813,5
1814,0
1815,5
1816,5
1817,0
1818,5
1819,3
1820,5
1821,2
1822,6
1823,3
1824,3
1825,3
1826,5
1827,5
1828,6
1829,5
1830,3
1831,5
1832,0
1833,5
1834,6
1835,6
1836,6
1837,3
1838,5
1839,3
1840,5
1841,5
1842,0
1843,3
1844,6
1845,6
1846,6
1847,3
1848,5
1849,6
1850,4
1851,2
1852,3
1853,4
1854,5
1855,3
1856,5
1857,6
1858,1
1859,3
1860,6
1861,5
1862,0
1863,2
1864,5
1865,6
1866,5
1867,3
1868,0
1869,5
1870,2
1871,4
1872,3
1873,0
1874,3
1875,5
1876,6
1877,3
1878,5
1879,3
1880,5
1881,4
1882,6
1883,6
1884,2
1885,0
1886,6
1887,0
1888,6
1889,6
1890,5
1891,3
1892,5
1893,3
1894,6
1895,5
1896,6
1897,2
1898,6
1899,6
1900,5
1901,3
1902,6
1903,5
1904,5
1905,5
1906,5
1907,6
1908,6
1909,0
1910,4
1911,6
1912,3
1913,3
1914,0
1915,3
1916,5
1917,5
1918,3
1919,5
1920,2
1921,5
1922,0
1923,5
1924,5
1925,6
1926,6
1927,1
1928,3
1929,0
1930,6
1931,6
1932,0
1933,5
1934,3
1935,3
1936,3
1937,3
1938,3
1939,6
1940,0
1941,1
1942,5
1943,5
1944,5
1945,3
1946,4
1947,2
1948,5
1949,5
1950,6
1951,3
1952,6
1953,1
1954,3
1955,6
1956,5
1957,0
1958,5
1959,5
1960,5
1961,4
1962,5
1963,0
1964,0
1965,6
1966,4
1967,6
1968,6
1969,5
1970,3
1971,5
1972,2
1973,2
1974,5
1975,5
1976,6
1977,5
1978,0
1979,4
1980,6
1981,5
1982,6
1983,5
1984,5
1985,5
1986,5
1987,5
1988,6
1989,0
1990,0
1991,6
1992,5
1993,6
1994,5
1995,2
1996,5
1997,3
1998,5
1999,3
2000,6
2001,3
2002,1
2003,5
2004,5
2005,0
2006,6
2007,0
2008,5
2009,3
2010,5
2011,5
2012,0
2013,3
2014,0
2015,2
2016,5
2017,2
2018,0
2019,3
2020,3
2021,3
2022,3
2023,3
2024,6
2025,6
2026,5
2027,3
2028,6
2029,0
2030,0
2031,6
2032,0
2033,5
2034,6
2035,6
2036,6
2037,0
2038,6
2039,5
2040,5
2041,3
2042,0
2043,0
2044,5
2045,6
2046,6
2047,0
2048,2
2049,5
2050,4
2051,5
2052,6
2053,3
2054,6
2055,5
2056,0
2057,6
2058,5
2059,3
2060,6
2061,0
2062,0
2063,6
2064,4
2065,1
2066,6
2067,5
2068,0
2069,5
2070,5
2071,5
2072,5
2073,5
2074,5
2075,3
2076,1
2077,5
2078,3
2079,5
2080,0
2081,3
2082,5
2083,6
2084,0
2085,2
2086,6
2087,6
2088,3
2089,5
2090,0
2091,5
2092,3
2093,6
2094,3
2095,6
2096,6
2097,5
2098,3
2099,5
2100,5
2101,6
2102,4
2103,6
2104,5
2105,0
2106,3
2107,3
2108,5
2109,5
2110,5
2111,6
2112,6
2113,5
2114,6
2115,5
2116,0
2117,2
2118,0
2119,5
2120,3
2121,5
2122,0
2123,5
2124,6
2125,5
2126,5
2127,5
2128,3
2129,4
2130,3
2131,3
2132,0
2133,5
2134,5
2135,3
2136,3
2137,2
2138,5
2139,0
2140,5
2141,6
2142,2
2143,5
2144,6
2145,6
2146,5
2147,0
2148,6
2149,5
2150,0
2151,5
2152,0
2153,2
2154,5
2155,0
2156,3
2157,5
2158,3
2159,3
2160,5
2161,6
2162,5
2163,6
2164,5
2165,0
2166,5
2167,0
2168,5
2169,5
2170,2
2171,2
2172,3
2173,6
2174,3
2175,3
2176,1
2177,0
2178,5
2179,5
2180,3
2181,6
2182,2
2183,6
2184,3
2185,6
2186,3
2187,3
2188,5
2189,3
2190,6
2191,2
2192,5
2193,3
2194,6
2195,5
2196,6
2197,6
2198,5
2199,5
2200,4
2201,2
2202,5
2203,6
2204,0
2205,5
2206,5
2207,6
2208,6
2209,6
2210,1
2211,0
2212,2
2213,3
2214,3
2215,5
2216,4
2217,3
2218,0
2219,6
2220,5
2221,6
2222,5
2223,6
2224,3
2225,3
2226,6
2227,6
2228,6
2229,3
2230,2
2231,5
2232,6
2233,0
2234,0
2235,0
2236,0
2237,3
2238,6
2239,5
2240,5
2241,5
2242,3
2243,5
2244,6
2245,5
2246,2
2247,5
2248,5
2249,0
2250,3
2251,6
2252,0
2253,6
2254,6
2255,5
2256,0
2257,6
2258,6
2259,0
2260,6
2261,5
2262,5
2263,5
2264,3
2265,5
2266,3
2267,6
2268,6
2269,6
2270,3
2271,6
2272,5
2273,5
2274,0
2275,2
2276,0
2277,3
2278,0
2279,5
2280,4
2281,5
2282,6
2283,6
2284,0
2285,5
2286,5
2287,6
2288,5
2289,5
2290,6
2291,0
2292,5
2293,0
2294,3
2295,6
2296,6
2297,6
2298,3
2299,6
2300,6
2301,5
2302,5
2303,3
2304,5
2305,2
2306,6
2307,6
2308,2
2309,5
2310,3
2311,6
2312,6
2313,6
2314,5
2315,5
2316,5
2317,6
2318,6
2319,3
2320,6
2321,2
2322,6
2323,4
2324,4
2325,5
2326,5
2327,5
2328,6
2329,5
2330,6
2331,3
2332,6
2333,0
2334,5
2335,5
2336,0
2337,5
2338,3
2339,5
2340,0
2341,0
2342,6
2343,3
2344,6
2345,3
2346,6
2347,2
2348,0
2349,3
2350,2
2351,1
2352,5
2353,1
2354,3
2355,0
2356,0
2357,5
2358,6
2359,5
2360,3
2361,3
2362,5
2363,6
2364,5
2365,4
2366,2
2367,5
2368,6
2369,5
2370,6
2371,5
2372,6
2373,6
2374,5
2375,5
2376,0
2377,6
2378,0
2379,5
2380,6
2381,4
2382,6
2383,3
2384,2
2385,5
2386,5
2387,3
2388,0
2389,5
2390,3
2391,5
2392,3
2393,0
2394,3
2395,6
2396,5
2397,3
2398,0
2399,5
2400,5
2401,5
2402,2
2403,0
2404,0
2405,6
2406,0
2407,5
2408,5
2409,2
2410,5
2411,0
2412,5
2413,6
2414,6
2415,6
2416,5
2417,0
2418,6
2419,3
2420,3
2421,0
2422,1
2423,5
2424,3
2425,3
2426,3
2427,6
2428,6
2429,6
2430,6
2431,0
2432,3
2433,3
2434,1
2435,0
2436,5
2437,6
2438,0
2439,3
2440,5
2441,5
2442,5
2443,5
2444,5
2445,6
2446,2
2447,5
2448,5
2449,2
2450,0
2451,0
2452,2
2453,3
2454,6
2455,6
2456,0
2457,6
2458,6
2459,0
2460,6
2461,5
2462,5
2463,5
2464,5
2465,6
2466,4
2467,5
2468,5
2469,3
2470,6
2471,3
2472,4
2473,3
2474,0
2475,5
2476,2
2477,6
2478,5
2479,3
2480,5
2481,2
2482,0
2483,5
2484,5
2485,0
2486,6
2487,5
2488,3
2489,5
2490,5
2491,0
2492,3
2493,5
2494,5
2495,5
2496,6
2497,6
2498,5
2499,2
2500,6
2501,2
2502,0
2503,6
2504,6
2505,0
2506,6
2507,3
2508,1
2509,5
2510,0
2511,5
2512,0
2513,5
2514,5
2515,0
2516,0
2517,5
2518,6
2519,5
2520,6
2521,3
2522,0
2523,0
2524,6
2525,3
2526,2
2527,0
2528,3
2529,6
2530,3
2531,4
2532,5
2533,0
2534,6
2535,3
2536,0
2537,0
2538,3
2539,6
2540,6
2541,0
2542,0
2543,3
2544,6
2545,3
2546,4
2547,2
2548,0
2549,5
2550,6
2551,2
2552,1
2553,6
2554,3
2555,5
2556,6
2557,0
2558,6
2559,5
2560,6
2561,5
2562,1
2563,0
2564,6
2565,5
2566,5
2567,2
2568,0
2569,5
2570,0
2571,3
2572,5
2573,0
2574,0
2575,6
2576,0
2577,5
2578,5
2579,1
2580,5
2581,6
2582,5
2583,3
2584,5
2585,3
2586,0
2587,6
2588,5
2589,2
2590,4
2591,0
2592,4
2593,0
2594,3
2595,1
2596,3
2597,6
2598,6
2599,2
2600,0
2601,0
2602,0
2603,5
2604,0
2605,2
2606,5
2607,5
2608,5
2609,3
2610,0
2611,0
2612,5
2613,3
2614,0
2615,5
2616,6
2617,2
2618,4
2619,6
2620,5
2621,6
2622,5
2623,3
2624,5
2625,3
2626,5
2627,6
2628,3
2629,2
2630,5
2631,2
2632,6
2633,6
2634,3
2635,6
2636,0
2637,0
2638,0
2639,5
2640,3
2641,6
2642,3
2643,0
2644,6
2645,5
2646,6
2647,5
2648,3
2649,3
2650,5
2651,3
2652,0
2653,6
2654,3
2655,5
2656,6
2657,5
2658,0
2659,1
2660,0
2661,0
2662,6
2663,5
2664,3
2665,3
2666,3
2667,3
2668,3
2669,6
2670,6
2671,5
2672,5
2673,0
2674,3
2675,3
2676,3
2677,1
2678,3
2679,5
2680,5
2681,6
2682,3
2683,5
2684,6
2685,0
2686,6
2687,2
2688,0
2689,5
2690,6
2691,4
2692,5
2693,5
2694,0
2695,3
2696,5
2697,2
2698,0
2699,5
2700,0
2701,3
2702,0
2703,3
2704,6
2705,0
2706,0
2707,5
2708,6
2709,0
2710,1
2711,3
2712,3
2713,6
2714,0
2715,0
2716,1
2717,5
2718,5
2719,5
2720,3
2721,3
2722,5
2723,0
2724,3
2725,6
2726,0
2727,3
2728,5
2729,3
2730,5
2731,6
2732,6
2733,4
2734,1
2735,6
2736,6
2737,0
2738,5
2739,3
2740,5
2741,5
2742,0
2743,0
2744,5
2745,6
2746,0
2747,5
2748,0
2749,5
2750,6
2751,6
2752,5
2753,0
2754,5
2755,6
2756,5
2757,3
2758,6
2759,5
2760,0
2761,0
2762,0
2763,5
2764,0
2765,2
2766,5
2767,5
2768,6
2769,5
2770,5
2771,6
2772,5
2773,1
2774,5
2775,5
2776,0
2777,0
2778,6
2779,5
2780,0
2781,0
2782,6
2783,0
2784,3
2785,5
2786,0
2787,6
2788,3
2789,3
2790,2
2791,6
2792,3
2793,6
2794,3
2795,0
2796,6
2797,3
2798,5
2799,6
2800,3
2801,5
2802,6
2803,6
2804,6
2805,5
2806,0
2807,5
2808,5
2809,0
2810,0
2811,5
2812,5
2813,3
2814,5
2815,2
2816,5
2817,6
2818,5
2819,3
2820,0
2821,6
2822,0
2823,0
2824,5
2825,5
2826,5
2827,6
2828,6
2829,6
2830,4
2831,2
2832,5
2833,2
2834,4
2835,0
2836,3
2837,6
2838,4
2839,5
2840,5
2841,5
2842,5
2843,0
2844,3
2845,0
2846,0
2847,1
2848,6
2849,3
2850,3
2851,4
2852,0
2853,0
2854,5
2855,0
2856,5
2857,6
2858,6
2859,3
2860,5
2861,3
2862,3
2863,5
2864,0
2865,2
2866,5
2867,6
2868,0
2869,0
2870,0
2871,6
2872,6
2873,5
2874,4
2875,3
2876,5
2877,3
2878,0
2879,5
2880,5
2881,6
2882,5
2883,6
2884,0
2885,3
2886,2
2887,6
2888,6
2889,5
2890,5
2891,5
2892,4
2893,5
2894,6
2895,5
2896,0
2897,5
2898,3
2899,6
2900,3
2901,0
2902,6
2903,0
2904,3
2905,2
2906,3
2907,6
2908,3
2909,2
2910,0
2911,0
2912,0
2913,0
2914,5
2915,2
2916,6
2917,3
2918,6
2919,6
2920,5
2921,0
2922,3
2923,5
2924,0
2925,5
2926,6
2927,3
2928,0
2929,5
2930,0
2931,6
2932,3
2933,6
2934,5
2935,5
2936,0
2937,5
2938,3
2939,3
2940,5
2941,3
2942,5
2943,4
2944,3
2945,3
2946,6
2947,6
2948,5
2949,3
2950,6
2951,6
2952,6
2953,3
2954,6
2955,5
2956,6
2957,5
2958,5
2959,6
2960,3
2961,6
2962,0
2963,5
2964,6
2965,5
2966,6
2967,1
2968,6
2969,5
2970,0
2971,2
2972,5
2973,3
2974,0
2975,5
2976,5
2977,4
2978,5
2979,0
2980,4
2981,5
2982,2
2983,6
2984,6
2985,5
2986,5
2987,0
2988,3
2989,6
2990,6
2991,6
2992,4
2993,0
2994,5
2995,0
2996,5
2997,3
2998,5
2999,0
3000,3
3001,6
3002,3
3003,4
3004,6
3005,3
3006,5
3007,5
3008,3
3009,5
3010,2
3011,6
3012,5
3013,2
3014,4
3015,2
3016,6
3017,5
3018,3
3019,5
3020,6
3021,2
3022,0
3023,0
3024,3
3025,3
3026,6
3027,4
3028,6
3029,0
3030,0
3031,5
3032,3
3033,5
3034,0
3035,5
3036,1
3037,0
3038,5
3039,3
3040,2
3041,0
3042,4
3043,0
3044,3
3045,6
3046,5
3047,2
3048,6
3049,6
3050,0
3051,5
3052,3
3053,4
3054,0
3055,0
3056,5
3057,5
3058,3
3059,6
3060,6
3061,5
3062,5
3063,0
3064,5
3065,0
3066,3
3067,0
3068,3
3069,5
3070,3
3071,5
3072,5
3073,6
3074,5
3075,6
3076,5
3077,5
3078,6
3079,2
3080,5
3081,6
3082,5
3083,5
3084,0
3085,0
3086,6
3087,5
3088,5
3089,0
3090,2
3091,3
3092,2
3093,6
3094,5
3095,6
3096,0
3097,5
3098,5
3099,0
3100,6
3101,3
3102,6
3103,6
3104,6
3105,5
3106,0
3107,0
3108,4
3109,6
3110,5
3111,3
3112,4
3113,6
3114,0
3115,0
3116,6
3117,5
3118,5
3119,5
3120,5
3121,2
3122,0
3123,3
3124,6
3125,5
3126,5
3127,5
3128,4
3129,5
3130,5
3131,6
3132,2
3133,5
3134,5
3135,0
3136,6
3137,5
3138,3
3139,5
3140,6
3141,0
3142,6
3143,5
3144,2
3145,5
3146,2
3147,6
3148,5
3149,5
3150,3
3151,3
3152,5
3153,5
3154,5
3155,5
3156,6
3157,2
3158,5
3159,5
3160,2
3161,5
3162,6
3163,6
3164,6
3165,5
3166,6
3167,0
3168,5
3169,6
3170,6
3171,2
3172,5
3173,3
3174,4
3175,5
3176,5
3177,0
3178,0
3179,0
3180,5
3181,5
3182,0
3183,4
3184,2
3185,5
3186,0
3187,6
3188,5
3189,6
3190,2
3191,5
3192,2
3193,6
3194,5
3195,6
3196,6
3197,0
3198,5
3199,5
3200,5
3201,5
3202,5
3203,5
3204,1
3205,5
3206,3
3207,5
3208,0
3209,3
3210,0
3211,6
3212,3
3213,0
3214,6
3215,5
3216,3
3217,6
3218,3
3219,0
3220,0
3221,0
3222,0
3223,1
3224,6
3225,5
3226,6
3227,4
3228,0
3229,5
3230,4
3231,3
3232,5
3233,5
3234,5
3235,6
3236,6
3237,6
3238,0
3239,2
3240,0
3241,6
3242,6
3243,5
3244,6
3245,3
3246,5
3247,2
3248,5
3249,4
3250,0
3251,5
3252,6
3253,3
3254,4
3255,6
3256,5
3257,0
3258,5
3259,6
3260,4
3261,3
3262,6
3263,0
3264,4
3265,5
3266,5
3267,5
3268,3
3269,5
3270,5
3271,6
3272,2
3273,5
3274,0
3275,6
3276,6
3277,3
3278,5
3279,6
3280,3
3281,5
3282,0
3283,0
3284,5
3285,3
3286,5
3287,2
3288,1
3289,1
3290,5
3291,5
3292,6
3293,0
3294,3
3295,6
3296,0
3297,2
3298,5
3299,2
3300,5
3301,2
3302,5
3303,5
3304,4
3305,6
3306,3
3307,6
3308,0
3309,0
3310,6
3311,3
3312,0
3313,6
3314,6
3315,6
3316,5
3317,0
3318,3
3319,3
3320,5
3321,5
3322,5
3323,5
3324,0
3325,6
3326,0
3327,6
3328,4
3329,6
3330,6
3331,6
3332,5
3333,5
3334,3
3335,6
3336,0
3337,6
3338,5
3339,5
3340,5
3341,4
3342,5
3343,1
3344,6
3345,6
3346,3
3347,5
3348,5
3349,5
3350,0
3351,0
3352,0
3353,6
3354,3
3355,2
3356,5
3357,3
3358,4
3359,0
3360,2
3361,3
3362,6
3363,5
3364,0
3365,5
3366,2
3367,5
3368,0
3369,5
3370,3
3371,5
3372,5
3373,6
3374,4
3375,5
3376,6
3377,3
3378,5
3379,2
3380,0
3381,6
3382,0
3383,5
3384,4
3385,6
3386,6
3387,5
3388,2
3389,3
3390,3
3391,0
3392,0
3393,0
3394,4
3395,5
3396,3
3397,2
3398,3
3399,3
3400,3
3401,5
3402,0
3403,5
3404,5
3405,6
3406,6
3407,5
3408,6
3409,6
3410,4
3411,6
3412,4
3413,6
3414,3
3415,3
3416,1
3417,3
3418,5
3419,0
3420,6
3421,4
3422,0
3423,6
3424,6
3425,6
3426,3
3427,5
3428,5
3429,6
3430,5
3431,5
3432,0
3433,3
3434,3
3435,0
3436,2
3437,5
3438,0
3439,5
3440,3
3441,5
3442,6
3443,6
3444,1
3445,0
3446,0
3447,0
3448,1
3449,0
3450,2
3451,5
3452,6
3453,5
3454,0
3455,5
3456,3
3457,0
3458,6
3459,5
3460,0
3461,0
3462,1
3463,0
3464,0
3465,6
3466,3
3467,6
3468,5
3469,0
3470,6
3471,6
3472,5
3473,0
3474,5
3475,5
3476,6
3477,6
3478,4
3479,2
3480,5
3481,2
3482,3
3483,2
3484,3
3485,0
3486,0
3487,5
3488,5
3489,0
3490,5
3491,6
3492,0
3493,3
3494,6
3495,5
3496,5
3497,5
3498,5
3499,0
3500,5
3501,3
3502,5
3503,0
3504,6
3505,3
3506,6
3507,0
3508,0
3509,2
3510,5
3511,6
3512,5
3513,0
3514,5
3515,2
3516,3
3517,0
3518,5
3519,5
3520,5
3521,5
3522,6
3523,6
3524,0
3525,6
3526,5
3527,5
3528,1
3529,5
3530,5
3531,6
3532,3
3533,5
3534,5
3535,6
3536,3
3537,5
3538,0
3539,2
3540,5
3541,2
3542,5
3543,6
3544,0
3545,6
3546,3
3547,5
3548,0
3549,5
3550,5
3551,5
3552,5
3553,3
3554,6
3555,5
3556,0
3557,3
3558,5
3559,2
3560,5
3561,3
3562,5
3563,5
3564,6
3565,3
3566,0
3567,3
3568,6
3569,5
3570,0
3571,0
3572,0
3573,6
3574,5
3575,4
3576,5
3577,0
3578,3
3579,0
3580,5
3581,6
3582,5
3583,0
3584,5
3585,5
3586,5
3587,3
3588,5
3589,6
3590,0
3591,6
3592,0
3593,5
3594,0
3595,5
3596,6
3597,3
3598,0
3599,0
3600,3
3601,0
3602,0
3603,5
3604,0
3605,5
3606,6
3607,5
3608,5
3609,2
3610,5
3611,0
3612,0
3613,0
3614,2
3615,5
3616,0
3617,5
3618,0
3619,0
3620,6
3621,5
3622,0
3623,6
3624,2
3625,0
3626,5
3627,6
3628,2
3629,6
3630,6
3631,5
3632,5
3633,3
3634,0
3635,5
3636,2
3637,0
3638,6
3639,0
3640,3
3641,3
3642,5
3643,1
3644,6
3645,0
3646,6
3647,5
3648,5
3649,5
3650,5
3651,1
3652,1
3653,5
3654,5
3655,6
3656,3
3657,0
3658,5
3659,5
3660,0
3661,6
3662,5
3663,5
3664,6
3665,3
3666,3
3667,6
3668,5
3669,6
3670,0
3671,6
3672,4
3673,4
3674,5
3675,5
3676,5
3677,3
3678,6
3679,5
3680,6
3681,0
3682,5
3683,6
3684,5
3685,6
3686,0
3687,3
3688,5
3689,0
3690,5
3691,0
3692,5
3693,5
3694,6
3695,5
3696,1
3697,2
3698,0
3699,5
3700,2
3701,0
3702,3
3703,5
3704,2
3705,5
3706,3
3707,6
3708,3
3709,5
3710,0
3711,5
3712,6
3713,5
3714,2
3715,3
3716,2
3717,3
3718,0
3719,2
3720,2
3721,6
3722,5
3723,0
3724,5
3725,5
3726,5
3727,6
3728,3
3729,3
3730,6
3731,0
3732,3
3733,5
3734,6
3735,6
3736,3
3737,3
3738,6
3739,5
3740,3
3741,0
3742,5
3743,5
3744,6
3745,0
3746,2
3747,6
3748,2
3749,5
3750,5
3751,6
3752,5
3753,6
3754,4
3755,3
3756,6
3757,0
3758,3
3759,5
3760,2
3761,0
3762,3
3763,5
3764,3
3765,3
3766,6
3767,0
3768,5
3769,5
3770,0
3771,3
3772,5
3773,0
3774,0
3775,5
3776,3
3777,1
3778,2
3779,6
3780,3
3781,0
3782,5
3783,6
3784,0
3785,6
3786,2
3787,6
3788,5
3789,5
3790,4
3791,3
3792,6
3793,4
3794,3
3795,0
3796,1
3797,4
3798,5
3799,5
3800,5
3801,3
3802,3
3803,0
3804,0
3805,5
3806,3
3807,5
3808,5
3809,5
3810,3
3811,0
3812,1
3813,5
3814,2
3815,0
3816,6
3817,5
3818,5
3819,2
3820,6
3821,0
3822,5
3823,3
3824,6
3825,6
3826,6
3827,5
3828,0
3829,0
3830,5
3831,6
3832,2
3833,5
3834,6
3835,6
3836,6
3837,6
3838,0
3839,3
3840,0
3841,6
3842,0
3843,0
3844,0
3845,4
3846,6
3847,2
3848,0
3849,0
3850,3
3851,5
3852,3
3853,6
3854,3
3855,5
3856,0
3857,0
3858,3
3859,2
3860,6
3861,6
3862,5
3863,0
3864,5
3865,5
3866,5
3867,0
3868,5
3869,4
3870,5
3871,3
3872,5
3873,2
3874,5
3875,1
3876,0
3877,6
3878,5
3879,2
3880,2
3881,3
3882,5
3883,4
3884,5
3885,0
3886,6
3887,6
3888,0
3889,2
3890,3
3891,6
3892,6
3893,3
3894,2
3895,0
3896,5
3897,0
3898,5
3899,5
3900,0
3901,4
3902,0
3903,0
3904,5
3905,3
3906,6
3907,0
3908,5
3909,6
3910,3
3911,0
3912,1
3913,3
3914,0
3915,0
3916,5
3917,6
3918,2
3919,6
3920,3
3921,0
3922,5
3923,5
3924,4
3925,2
3926,0
3927,5
3928,5
3929,3
3930,5
3931,5
3932,2
3933,5
3934,0
3935,5
3936,5
3937,0
3938,6
3939,0
3940,5
3941,6
3942,3
3943,6
3944,5
3945,5
3946,0
3947,0
3948,5
3949,3
3950,5
3951,3
3952,6
3953,3
3954,6
3955,0
3956,5
3957,3
3958,4
3959,4
3960,5
3961,0
3962,0
3963,0
3964,4
3965,6
3966,0
3967,5
3968,3
3969,0
3970,6
3971,5
3972,1
3973,0
3974,2
3975,5
3976,3
3977,2
3978,5
3979,2
3980,2
3981,0
3982,5
3983,5
3984,0
3985,0
3986,6
3987,0
3988,0
3989,3
3990,0
3991,2
3992,5
3993,3
3994,2
3995,6
3996,0
3997,5
3998,6
3999,3
4000,5
4001,5
4002,0
4003,3
4004,3
4005,2
4006,0
4007,6
4008,3
4009,5
4010,1
4011,0
4012,5
4013,6
4014,0
4015,5
4016,0
4017,5
4018,3
4019,3
4020,6
4021,0
4022,5
4023,5
4024,3
4025,5
4026,6
4027,4
4028,6
4029,5
4030,2
4031,5
4032,0
4033,5
4034,6
4035,0
4036,0
4037,0
4038,5
4039,5
4040,3
4041,5
4042,5
4043,5
4044,5
4045,6
4046,6
4047,5
4048,1
4049,5
4050,5
4051,6
4052,5
4053,6
4054,5
4055,6
4056,0
4057,2
4058,0
4059,5
4060,3
4061,5
4062,5
4063,0
4064,2
4065,3
4066,0
4067,5
4068,1
4069,1
4070,6
4071,2
4072,1
4073,0
4074,0
4075,4
4076,0
4077,5
4078,5
4079,5
4080,1
4081,3
4082,6
4083,5
4084,2
4085,3
4086,6
4087,0
4088,0
4089,5
4090,0
4091,3
4092,0
4093,3
4094,5
4095,1
4096,6
4097,6
4098,5
4099,6
4100,3
4101,5
4102,5
4103,6
4104,0
4105,5
4106,5
4107,6
4108,5
4109,3
4110,3
4111,5
4112,0
4113,5
4114,5
4115,5
4116,0
4117,5
4118,3
4119,0
4120,6
4121,5
4122,5
4123,0
4124,4
4125,1
4126,6
4127,5
4128,6
4129,3
4130,0
4131,3
4132,2
4133,4
4134,6
4135,5
4136,5
4137,6
4138,5
4139,3
4140,6
4141,5
4142,0
4143,5
4144,2
4145,5
4146,6
4147,0
4148,3
4149,6
4150,0
4151,6
4152,6
4153,3
4154,3
4155,2
4156,5
4157,0
4158,2
4159,2
4160,5
4161,5
4162,5
4163,2
4164,1
4165,6
4166,3
4167,5
4168,0
4169,6
4170,3
4171,6
4172,0
4173,3
4174,5
4175,6
4176,6
4177,5
4178,3
4179,2
4180,0
4181,5
4182,0
4183,2
4184,5
4185,6
4186,5
4187,6
4188,5
4189,6
4190,4
4191,3
4192,3
4193,0
4194,5
4195,1
4196,5
4197,5
4198,0
4199,0
4200,0
4201,0
4202,5
4203,0
4204,0
4205,5
4206,0
4207,6
4208,5
4209,6
4210,0
4211,4
4212,6
4213,0
4214,3
4215,6
4216,0
4217,0
4218,6
4219,0
4220,0
4221,3
4222,6
4223,6
4224,5
4225,3
4226,0
4227,0
4228,5
4229,0
4230,5
4231,5
4232,3
4233,6
4234,5
4235,5
4236,6
4237,6
4238,5
4239,6
4240,5
4241,3
4242,3
4243,6
4244,5
4245,2
4246,3
4247,6
4248,2
4249,3
4250,3
4251,3
4252,0
4253,2
4254,5
4255,6
4256,0
4257,5
4258,0
4259,6
4260,5
4261,6
4262,4
4263,1
4264,5
4265,5
4266,5
4267,3
4268,3
4269,5
4270,6
4271,0
4272,6
4273,3
4274,6
4275,3
4276,6
4277,0
4278,0
4279,3
4280,3
4281,5
4282,6
4283,6
4284,3
4285,0
4286,2
4287,5
4288,0
4289,6
4290,5
4291,3
4292,2
4293,6
4294,6
4295,6
4296,0
4297,3
4298,3
4299,3
4300,5
4301,5
4302,0
4303,5
4304,6
4305,5
4306,6
4307,5
4308,0
4309,5
4310,5
4311,5
4312,5
4313,6
4314,3
4315,5
4316,4
4317,5
4318,5
4319,5
4320,5
4321,6
4322,4
4323,0
4324,0
4325,0
4326,6
4327,2
4328,5
4329,3
4330,5
4331,6
4332,3
4333,5
4334,0
4335,5
4336,2
4337,5
4338,5
4339,6
4340,5
4341,4
4342,2
4343,0
4344,5
4345,2
4346,0
4347,0
4348,5
4349,2
4350,0
4351,0
4352,1
4353,6
4354,2
4355,3
4356,6
4357,6
4358,0
4359,0
4360,1
4361,6
4362,6
4363,0
4364,6
4365,6
4366,0
4367,5
4368,3
4369,5
4370,6
4371,0
4372,6
4373,5
4374,5
4375,5
4376,3
4377,4
4378,5
4379,6
4380,5
4381,3
4382,3
4383,5
4384,5
4385,5
4386,6
4387,4
4388,0
4389,0
4390,5
4391,5
4392,3
4393,1
4394,5
4395,2
4396,5
4397,5
4398,2
4399,5
4400,0
4401,2
4402,5
4403,6
4404,0
4405,6
4406,0
4407,0
4408,0
4409,3
4410,2
4411,4
4412,6
4413,5
4414,5
4415,3
4416,2
4417,5
4418,0
4419,0
4420,1
4421,5
4422,0
4423,0
4424,2
4425,6
4426,5
4427,5
4428,2
4429,0
4430,6
4431,5
4432,5
4433,2
4434,3
4435,2
4436,5
4437,5
4438,0
4439,2
4440,5
4441,0
4442,3
4443,0
4444,6
4445,2
4446,6
4447,5
4448,3
4449,2
4450,3
4451,0
4452,5
4453,3
4454,2
4455,6
4456,5
4457,3
4458,5
4459,5
4460,5
4461,3
4462,6
4463,5
4464,2
4465,0
4466,5
4467,3
4468,0
4469,3
4470,3
4471,5
4472,6
4473,3
4474,3
4475,0
4476,5
4477,0
4478,5
4479,6
4480,6
4481,5
4482,5
4483,6
4484,3
4485,4
4486,5
4487,0
4488,2
4489,3
4490,0
4491,5
4492,3
4493,3
4494,0
4495,0
4496,0
4497,6
4498,3
4499,3
4500,5
4501,4
4502,0
4503,0
4504,6
4505,5
4506,0
4507,5
4508,3
4509,3
4510,3
4511,5
4512,5
4513,6
4514,5
4515,5
4516,0
4517,5
4518,3
4519,5
4520,5
4521,5
4522,6
4523,1
4524,0
4525,5
4526,5
4527,6
4528,2
4529,5
4530,4
4531,1
4532,0
4533,6
4534,5
4535,6
4536,6
4537,0
4538,5
4539,5
4540,5
4541,6
4542,5
4543,2
4544,3
4545,3
4546,0
4547,1
4548,5
4549,5
4550,0
4551,4
4552,0
4553,5
4554,5
4555,2
4556,1
4557,2
4558,5
4559,6
4560,0
4561,0
4562,0
4563,5
4564,5
4565,5
4566,6
4567,0
4568,5
4569,1
4570,6
4571,1
4572,5
4573,3
4574,0
4575,5
4576,0
4577,6
4578,3
4579,6
4580,6
4581,5
4582,4
4583,5
4584,0
4585,3
4586,3
4587,0
4588,3
4589,6
4590,0
4591,6
4592,5
4593,5
4594,6
4595,2
4596,6
4597,0
4598,5
4599,5
4600,5
4601,0
4602,6
4603,5
4604,0
4605,2
4606,3
4607,0
4608,5
4609,6
4610,5
4611,6
4612,0
4613,1
4614,3
4615,5
4616,5
4617,5
4618,0
4619,5
4620,3
4621,6
4622,0
4623,5
4624,0
4625,3
4626,6
4627,6
4628,5
4629,5
4630,0
4631,4
4632,0
4633,5
4634,3
4635,3
4636,6
4637,4
4638,6
4639,2
4640,2
4641,5
4642,6
4643,5
4644,5
4645,5
4646,2
4647,0
4648,6
4649,5
4650,6
4651,0
4652,0
4653,5
4654,5
4655,5
4656,5
4657,5
4658,3
4659,5
4660,0
4661,4
4662,5
4663,3
4664,6
4665,3
4666,5
4667,5
4668,3
4669,0
4670,0
4671,5
4672,0
4673,5
4674,0
4675,4
4676,0
4677,1
4678,5
4679,0
4680,3
4681,6
4682,6
4683,6
4684,0
4685,5
4686,0
4687,5
4688,2
4689,6
4690,4
4691,2
4692,6
4693,5
4694,5
4695,6
4696,5
4697,5
4698,0
4699,3
4700,5
4701,3
4702,0
4703,5
4704,4
4705,2
4706,5
4707,5
4708,3
4709,6
4710,3
4711,5
4712,0
4713,3
4714,1
4715,5
4716,6
4717,0
4718,3
4719,5
4720,5
4721,5
4722,4
4723,3
4724,3
4725,6
4726,5
4727,5
4728,6
4729,0
4730,5
4731,6
4732,6
4733,3
4734,4
4735,6
4736,3
4737,5
4738,5
4739,5
4740,3
4741,5
4742,6
4743,2
4744,5
4745,2
4746,6
4747,1
4748,5
4749,3
4750,3
4751,0
4752,1
4753,5
4754,3
4755,5
4756,5
4757,5
4758,5
4759,0
4760,3
4761,6
4762,5
4763,6
4764,6
4765,3
4766,1
4767,1
4768,0
4769,5
4770,3
4771,5
4772,0
4773,5
4774,5
4775,0
4776,0
4777,6
4778,0
4779,2
4780,0
4781,0
4782,5
4783,6
4784,3
4785,5
4786,0
4787,6
4788,3
4789,0
4790,4
4791,5
4792,6
4793,2
4794,6
4795,6
4796,3
4797,4
4798,5
4799,5
4800,3
4801,5
4802,6
4803,0
4804,3
4805,0
4806,0
4807,5
4808,0
4809,3
4810,5
4811,5
4812,5
4813,0
4814,6
4815,3
4816,0
4817,3
4818,5
4819,3
4820,3
4821,3
4822,3
4823,5
4824,0
4825,3
4826,6
4827,0
4828,0
4829,5
4830,5
4831,5
4832,5
4833,0
4834,0
4835,6
4836,3
4837,3
4838,6
4839,0
4840,3
4841,5
4842,3
4843,0
4844,0
4845,6
4846,5
4847,6
4848,3
4849,5
4850,5
4851,3
4852,3
4853,6
4854,5
4855,3
4856,5
4857,0
4858,2
4859,2
4860,0
4861,5
4862,5
4863,6
4864,5
4865,4
4866,3
4867,3
4868,5
4869,3
4870,2
4871,5
4872,5
4873,3
4874,3
4875,0
4876,6
4877,0
4878,5
4879,4
4880,1
4881,6
4882,5
4883,3
4884,6
4885,3
4886,0
4887,5
4888,4
4889,3
4890,2
4891,5
4892,0
4893,0
4894,0
4895,0
4896,3
4897,5
4898,5
4899,5
4900,1
4901,0
4902,6
4903,3
4904,5
4905,3
4906,3
4907,5
4908,0
4909,5
4910,5
4911,5
4912,3
4913,1
4914,5
4915,0
4916,3
4917,5
4918,6
4919,0
4920,3
4921,5
4922,1
4923,0
4924,0
4925,6
4926,0
4927,5
4928,5
4929,0
4930,0
4931,5
4932,3
4933,6
4934,5
4935,2
4936,4
4937,3
4938,5
4939,0
4940,6
4941,6
4942,0
4943,5
4944,5
4945,0
4946,0
4947,6
4948,5
4949,5
4950,6
4951,3
4952,0
4953,0
4954,5
4955,3
4956,5
4957,3
4958,0
4959,5
4960,5
4961,4
4962,5
4963,6
4964,0
4965,5
4966,3
4967,6
4968,3
4969,0
4970,3
4971,3
4972,5
4973,5
4974,0
4975,6
4976,5
4977,0
4978,0
4979,4
4980,0
4981,0
4982,5
4983,0
4984,6
4985,0
4986,6
4987,3
4988,5
4989,3
4990,0
4991,3
4992,0
4993,6
4994,0
4995,5
4996,2
4997,5
4998,0
4999,5
5000,6
5001,0
5002,5
5003,5
5004,3
5005,0
5006,3
5007,5
5008,6
5009,2
5010,6
5011,3
5012,5
5013,6
5014,5
5015,5
5016,0
5017,5
5018,5
5019,3
5020,5
5021,3
5022,4
5023,0
5024,3
5025,5
5026,0
5027,3
5028,6
5029,5
5030,0
5031,6
5032,4
5033,1
5034,5
5035,3
5036,6
5037,0
5038,3
5039,6
5040,5
5041,1
5042,0
5043,0
5044,6
5045,0
5046,3
5047,5
5048,5
5049,6
5050,4
5051,3
5052,3
5053,3
5054,3
5055,5
5056,5
5057,1
5058,5
5059,5
5060,6
5061,3
5062,6
5063,1
5064,5
5065,0
5066,5
5067,0
5068,3
5069,4
5070,3
5071,3
5072,5
5073,5
5074,6
5075,3
5076,5
5077,6
5078,5
5079,6
5080,5
5081,0
5082,5
5083,6
5084,6
5085,0
5086,4
5087,5
5088,0
5089,3
5090,6
5091,6
5092,3
5093,3
5094,3
5095,3
5096,5
5097,2
5098,0
5099,5
5100,3
5101,3
5102,5
5103,4
5104,5
5105,0
5106,5
5107,3
5108,0
5109,2
5110,6
5111,0
5112,0
5113,6
5114,3
5115,6
5116,3
5117,3
5118,6
5119,0
5120,0
5121,5
5122,2
5123,1
5124,3
5125,5
5126,6
5127,3
5128,5
5129,6
5130,5
5131,5
5132,0
5133,6
5134,3
5135,0
5136,5
5137,5
5138,5
5139,5
5140,6
5141,0
5142,0
5143,0
5144,5
5145,5
5146,5
5147,5
5148,1
5149,1
5150,6
5151,3
5152,4
5153,3
5154,6
5155,6
5156,5
5157,0
5158,5
5159,1
5160,5
5161,5
5162,0
5163,5
5164,5
5165,5
5166,3
5167,5
5168,6
5169,5
5170,5
5171,3
5172,5
5173,5
5174,0
5175,6
5176,1
5177,5
5178,0
5179,0
5180,0
5181,5
5182,6
5183,0
5184,5
5185,0
5186,1
5187,1
5188,5
5189,0
5190,3
5191,0
5192,5
5193,6
5194,0
5195,5
5196,5
5197,0
5198,5
5199,2
5200,3
5201,2
5202,3
5203,3
5204,0
5205,5
5206,6
5207,5
5208,6
5209,5
5210,5
5211,1
5212,5
5213,5
5214,5
5215,5
5216,3
5217,6
5218,4
5219,1
5220,5
5221,3
5222,0
5223,2
5224,0
5225,5
5226,1
5227,6
5228,3
5229,5
5230,3
5231,5
5232,5
5233,0
5234,0
5235,3
5236,3
5237,0
5238,6
5239,4
5240,6
5241,5
5242,0
5243,1
5244,4
5245,6
5246,1
5247,6
5248,5
5249,5
5250,5
5251,6
5252,0
5253,5
5254,3
5255,0
5256,3
5257,0
5258,6
5259,3
5260,0
5261,5
5262,5
5263,3
5264,5
5265,0
5266,4
5267,5
5268,5
5269,0
5270,3
5271,6
5272,5
5273,5
5274,3
5275,5
5276,5
5277,5
5278,0
5279,0
5280,1
5281,5
5282,6
5283,5
5284,1
5285,5
5286,5
5287,5
5288,3
5289,0
5290,6
5291,0
5292,5
5293,5
5294,5
5295,0
5296,3
5297,3
5298,3
5299,6
5300,5
5301,5
5302,5
5303,0
5304,5
5305,5
5306,0
5307,3
5308,1
5309,5
5310,5
5311,5
5312,2
5313,5
5314,2
5315,5
5316,5
5317,5
5318,5
5319,5
5320,1
5321,5
5322,5
5323,5
5324,5
5325,3
5326,3
5327,1
5328,5
5329,3
5330,6
5331,5
5332,0
5333,3
5334,0
5335,6
5336,5
5337,1
5338,3
5339,5
5340,0
5341,2
5342,0
5343,3
5344,5
5345,0
5346,6
5347,0
5348,0
5349,6
5350,5
5351,6
5352,5
5353,0
5354,1
5355,3
5356,5
5357,6
5358,6
5359,6
5360,6
5361,6
5362,3
5363,2
5364,5
5365,0
5366,5
5367,6
5368,6
5369,3
5370,2
5371,3
5372,6
5373,5
5374,0
5375,5
5376,5
5377,6
5378,6
5379,3
5380,1
5381,5
5382,0
5383,3
5384,5
5385,4
5386,2
5387,5
5388,5
5389,2
5390,0
5391,0
5392,5
5393,3
5394,6
5395,0
5396,6
5397,1
5398,6
5399,5
5400,5
5401,5
5402,5
5403,2
5404,2
5405,6
5406,5
5407,5
5408,5
5409,5
5410,5
5411,6
5412,5
5413,2
5414,5
5415,3
5416,5
5417,3
5418,6
5419,0
5420,6
5421,6
5422,6
5423,0
5424,3
5425,4
5426,6
5427,3
5428,5
5429,5
5430,6
5431,3
5432,6
5433,5
5434,2
5435,4
5436,6
5437,0
5438,6
5439,3
5440,5
5441,6
5442,3
5443,1
5444,0
5445,4
5446,0
5447,2
5448,0
5449,5
5450,6
5451,3
5452,0
5453,5
5454,5
5455,2
5456,3
5457,3
5458,5
5459,5
5460,6
5461,6
5462,5
5463,5
5464,3
5465,5
5466,4
5467,1
5468,2
5469,5
5470,0
5471,5
5472,4
5473,4
5474,6
5475,5
5476,2
5477,2
5478,5
5479,2
5480,4
5481,5
5482,2
5483,5
5484,2
5485,5
5486,3
5487,6
5488,0
5489,6
5490,6
5491,0
5492,0
5493,3
5494,2
5495,2
5496,0
5497,0
5498,0
5499,5
5500,0
5501,5
5502,3
5503,6
5504,6
5505,4
5506,6
5507,3
5508,0
5509,0
5510,3
5511,3
5512,5
5513,5
5514,5
5515,3
5516,5
5517,6
5518,5
5519,3
5520,0
5521,6
5522,5
5523,1
5524,2
5525,3
5526,5
5527,5
5528,0
5529,3
5530,5
5531,5
5532,6
5533,6
5534,1
5535,5
5536,2
5537,6
5538,5
5539,3
5540,5
5541,6
5542,5
5543,5
5544,3
5545,5
5546,0
5547,0
5548,6
5549,0
5550,3
5551,5
5552,6
5553,5
5554,5
5555,3
5556,5
5557,5
5558,3
5559,5
5560,5
5561,3
5562,5
5563,0
5564,5
5565,5
5566,6
5567,2
5568,6
5569,6
5570,0
5571,6
5572,5
5573,3
5574,0
5575,6
5576,6
5577,0
5578,4
5579,5
5580,3
5581,5
5582,0
5583,6
5584,5
5585,5
5586,5
5587,5
5588,3
5589,5
5590,0
5591,6
5592,6
5593,3
5594,6
5595,5
5596,0
5597,0
5598,5
5599,5
5600,3
5601,5
5602,0
5603,5
5604,5
5605,0
5606,0
5607,5
5608,0
5609,0
5610,5
5611,0
5612,1
5613,0
5614,5
5615,5
5616,0
5617,0
5618,5
5619,5
5620,3
5621,0
5622,3
5623,3
5624,3
5625,3
5626,5
5627,6
5628,6
5629,3
5630,2
5631,3
5632,3
5633,6
5634,0
5635,6
5636,2
5637,0
5638,5
5639,6
5640,5
5641,6
5642,1
5643,2
5644,6
5645,0
5646,3
5647,3
5648,0
5649,5
5650,5
5651,6
5652,5
5653,3
5654,5
5655,3
5656,3
5657,5
5658,3
5659,5
5660,0
5661,6
5662,3
5663,3
5664,0
5665,1
5666,6
5667,5
5668,5
5669,0
5670,5
5671,2
5672,5
5673,6
5674,6
5675,1
5676,5
5677,4
5678,3
5679,5
5680,0
5681,5
5682,5
5683,3
5684,0
5685,6
5686,3
5687,6
5688,3
5689,2
5690,6
5691,5
5692,5
5693,5
5694,0
5695,6
5696,5
5697,6
5698,5
5699,5
5700,5
5701,6
5702,6
5703,0
5704,3
5705,4
5706,2
5707,5
5708,5
5709,3
5710,6
5711,0
5712,5
5713,3
5714,0
5715,5
5716,0
5717,5
5718,2
5719,4
5720,1
5721,5
5722,5
5723,5
5724,3
5725,3
5726,5
5727,3
5728,6
5729,6
5730,2
5731,3
5732,3
5733,3
5734,5
5735,6
5736,6
5737,3
5738,0
5739,5
5740,3
5741,1
5742,0
5743,5
5744,5
5745,2
5746,5
5747,1
5748,6
5749,5
5750,6
5751,6
5752,6
5753,0
5754,5
5755,5
5756,0
5757,5
5758,1
5759,0
5760,3
5761,5
5762,5
5763,2
5764,5
5765,6
5766,3
5767,3
5768,6
5769,3
5770,1
5771,6
5772,5
5773,3
5774,1
5775,6
5776,5
5777,0
5778,5
5779,0
5780,1
5781,6
5782,5
5783,3
5784,0
5785,1
5786,0
5787,6
5788,3
5789,6
5790,6
5791,5
5792,4
5793,6
5794,0
5795,6
5796,4
5797,5
5798,5
5799,1
5800,2
5801,0
5802,0
5803,6
5804,0
5805,3
5806,6
5807,0
5808,0
5809,3
5810,5
5811,3
5812,0
5813,5
5814,0
5815,5
5816,0
5817,0
5818,5
5819,6
5820,6
5821,0
5822,5
5823,5
5824,6
5825,5
5826,0
5827,3
5828,4
5829,0
5830,6
5831,3
5832,3
5833,0
5834,0
5835,5
5836,5
5837,6
5838,5
5839,3
5840,0
5841,2
5842,3
5843,6
5844,0
5845,6
5846,6
5847,5
5848,0
5849,5
5850,5
5851,6
5852,0
5853,3
5854,5
5855,5
5856,5
5857,0
5858,0
5859,0
5860,5
5861,2
5862,2
5863,6
5864,5
5865,5
5866,3
5867,1
5868,5
5869,6
5870,3
5871,5
5872,5
5873,1
5874,5
5875,3
5876,5
5877,3
5878,3
5879,5
5880,3
5881,2
5882,5
5883,0
5884,6
5885,6
5886,5
5887,2
5888,0
5889,6
5890,5
5891,4
5892,5
5893,3
5894,6
5895,3
5896,2
5897,5
5898,6
5899,5
5900,3
5901,1
5902,1
5903,3
5904,3
5905,0
5906,5
5907,6
5908,6
5909,2
5910,6
5911,0
5912,5
5913,5
5914,5
5915,5
5916,6
5917,5
5918,2
5919,0
5920,3
5921,3
5922,3
5923,3
5924,6
5925,5
5926,5
5927,6
5928,4
5929,3
5930,5
5931,6
5932,5
5933,0
5934,6
5935,0
5936,0
5937,3
5938,1
5939,5
5940,4
5941,5
5942,6
5943,3
5944,4
5945,5
5946,5
5947,5
5948,2
5949,3
5950,0
5951,5
5952,6
5953,3
5954,0
5955,0
5956,3
5957,5
5958,5
5959,4
5960,0
5961,3
5962,5
5963,3
5964,6
5965,2
5966,2
5967,5
5968,2
5969,6
5970,3
5971,3
5972,0
5973,3
5974,6
5975,0
5976,5
5977,5
5978,6
5979,5
5980,0
5981,6
5982,3
5983,5
5984,3
5985,5
5986,6
5987,1
5988,1
5989,0
5990,3
5991,5
5992,0
5993,5
5994,6
5995,0
5996,5
5997,5
5998,5
5999,6
6000,6
6001,6
6002,3
6003,5
6004,3
6005,3
6006,2
6007,4
6008,3
6009,0
6010,5
6011,5
6012,5
6013,6
6014,0
6015,5
6016,2
6017,5
6018,3
6019,0
6020,5
6021,0
6022,0
6023,3
6024,0
6025,3
6026,3
6027,5
6028,3
6029,0
6030,5
6031,3
6032,5
6033,6
6034,3
6035,5
6036,5
6037,5
6038,1
6039,0
6040,3
6041,2
6042,5
6043,5
6044,5
6045,0
6046,3
6047,0
6048,3
6049,5
6050,5
6051,5
6052,5
6053,4
6054,0
6055,5
6056,5
6057,5
6058,6
6059,5
6060,3
6061,5
6062,6
6063,5
6064,3
6065,3
6066,5
6067,6
6068,6
6069,0
6070,3
6071,5
6072,3
6073,4
6074,6
6075,1
6076,6
6077,5
6078,5
6079,0
6080,4
6081,5
6082,5
6083,3
6084,5
6085,5
6086,3
6087,6
6088,0
6089,2
6090,0
6091,5
6092,5
6093,0
6094,2
6095,5
6096,3
6097,6
6098,3
6099,2
6100,5
6101,6
6102,5
6103,0
6104,0
6105,6
6106,6
6107,0
6108,5
6109,0
6110,4
6111,1
6112,5
6113,6
6114,4
6115,6
6116,6
6117,6
6118,2
6119,5
6120,2
6121,6
6122,0
6123,5
6124,2
6125,5
6126,0
6127,0
6128,5
6129,3
6130,5
6131,0
6132,6
6133,6
6134,0
6135,4
6136,2
6137,5
6138,5
6139,5
6140,5
6141,5
6142,5
6143,5
6144,5
6145,3
6146,6
6147,0
6148,6
6149,5
6150,2
6151,6
6152,5
6153,2
6154,1
6155,4
6156,3
6157,0
6158,3
6159,5
6160,5
6161,2
6162,1
6163,5
6164,0
6165,3
6166,3
6167,5
6168,0
6169,5
6170,4
6171,5
6172,6
6173,5
6174,5
6175,5
6176,5
6177,0
6178,5
6179,3
6180,0
6181,4
6182,3
6183,5
6184,5
6185,5
6186,0
6187,6
6188,0
6189,2
6190,3
6191,6
6192,5
6193,2
6194,0
6195,5
6196,3
6197,6
6198,3
6199,3
6200,1
6201,5
6202,3
6203,5
6204,0
6205,0
6206,3
6207,5
6208,3
6209,0
6210,1
6211,3
6212,0
6213,3
6214,0
6215,0
6216,6
6217,0
6218,0
6219,5
6220,2
6221,5
6222,5
6223,6
6224,3
6225,3
6226,0
6227,0
6228,5
6229,2
6230,0
6231,0
6232,5
6233,3
6234,0
6235,0
6236,4
6237,5
6238,5
6239,6
6240,6
6241,2
6242,3
6243,5
6244,5
6245,3
6246,6
6247,5
6248,6
6249,3
6250,5
6251,0
6252,3
6253,6
6254,5
6255,6
6256,5
6257,5
6258,0
6259,2
6260,6
6261,3
6262,0
6263,0
6264,1
6265,3
6266,5
6267,6
6268,5
6269,6
6270,0
6271,2
6272,4
6273,3
6274,3
6275,3
6276,3
6277,6
6278,5
6279,5
6280,2
6281,5
6282,0
6283,5
6284,5
6285,0
6286,0
6287,5
6288,6
6289,5
6290,5
6291,6
6292,4
6293,3
6294,0
6295,5
6296,2
6297,0
6298,1
6299,3
6300,3
6301,0
6302,3
6303,5
6304,3
6305,6
6306,0
6307,4
6308,2
6309,0
6310,0
6311,5
6312,5
6313,6
6314,3
6315,5
6316,0
6317,2
6318,3
6319,3
6320,5
6321,2
6322,6
6323,3
6324,0
6325,2
6326,5
6327,6
6328,3
6329,3
6330,0
6331,5
6332,4
6333,5
6334,5
6335,5
6336,1
6337,6
6338,2
6339,3
6340,0
6341,6
6342,5
6343,0
6344,5
6345,3
6346,5
6347,6
6348,6
6349,0
6350,3
6351,3
6352,2
6353,0
6354,4
6355,3
6356,5
6357,5
6358,0
6359,3
6360,5
6361,3
6362,5
6363,3
6364,2
6365,3
6366,5
6367,6
6368,2
6369,0
6370,0
6371,3
6372,3
6373,0
6374,2
6375,5
6376,5
6377,0
6378,6
6379,5
6380,5
6381,2
6382,5
6383,5
6384,5
6385,5
6386,3
6387,5
6388,0
6389,5
6390,1
6391,5
6392,3
6393,6
6394,0
6395,3
6396,3
6397,5
6398,0
6399,5
6400,3
6401,5
6402,5
6403,5
6404,0
6405,1
6406,0
6407,0
6408,3
6409,4
6410,4
6411,3
6412,1
6413,0
6414,5
6415,5
6416,5
6417,5
6418,5
6419,1
6420,0
6421,2
6422,5
6423,3
6424,5
6425,3
6426,3
6427,3
6428,5
6429,5
6430,5
6431,0
6432,3
6433,6
6434,6
6435,0
6436,0
6437,0
6438,4
6439,5
6440,0
6441,5
6442,0
6443,0
6444,0
6445,6
6446,0
6447,1
6448,0
6449,5
6450,6
6451,6
6452,5
6453,3
6454,5
6455,5
6456,3
6457,6
6458,4
6459,6
6460,0
6461,5
6462,5
6463,3
6464,0
6465,0
6466,0
6467,0
6468,3
6469,0
6470,3
6471,1
6472,0
6473,5
6474,3
6475,5
6476,5
6477,6
6478,5
6479,5
6480,5
6481,3
6482,5
6483,0
6484,0
6485,5
6486,5
6487,0
6488,5
6489,2
6490,5
6491,5
6492,5
6493,2
6494,0
6495,0
6496,2
6497,0
6498,6
6499,5
6500,3
6501,5
6502,3
6503,3
6504,5
6505,4
6506,6
6507,5
6508,2
6509,6
6510,3
6511,5
6512,6
6513,3
6514,6
6515,5
6516,5
6517,5
6518,0
6519,5
6520,5
6521,0
6522,3
6523,3
6524,0
6525,3
6526,5
6527,0
6528,2
6529,0
6530,0
6531,5
6532,0
6533,2
6534,5
6535,1
6536,5
6537,0
6538,4
6539,2
6540,5
6541,5
6542,4
6543,5
6544,3
6545,5
6546,6
6547,0
6548,6
6549,2
6550,0
6551,1
6552,5
6553,5
6554,0
6555,5
6556,0
6557,5
6558,0
6559,5
6560,6
6561,0
6562,0
6563,6
6564,3
6565,6
6566,6
6567,0
6568,3
6569,5
6570,5
6571,3
6572,0
6573,5
6574,0
6575,5
6576,0
6577,5
6578,6
6579,0
6580,5
6581,2
6582,3
6583,5
6584,5
6585,0
6586,5
6587,0
6588,0
6589,4
6590,5
6591,3
6592,5
6593,5
6594,5
6595,1
6596,4
6597,6
6598,0
6599,5
6600,3
6601,6
6602,5
6603,3
6604,1
6605,6
6606,3
6607,5
6608,0
6609,0
6610,3
6611,3
6612,5
6613,3
6614,6
6615,5
6616,6
6617,0
6618,3
6619,5
6620,0
6621,5
6622,5
6623,5
6624,5
6625,5
6626,3
6627,5
6628,0
6629,4
6630,0
6631,5
6632,6
6633,6
6634,3
6635,0
6636,2
6637,5
6638,1
6639,3
6640,6
6641,5
6642,0
6643,2
6644,5
6645,5
6646,6
6647,5
6648,5
6649,0
6650,3
6651,1
6652,6
6653,5
6654,5
6655,0
6656,0
6657,2
6658,5
6659,5
6660,3
6661,5
6662,0
6663,3
6664,3
6665,0
6666,5
6667,6
6668,3
6669,5
6670,3
6671,5
6672,3
6673,3
6674,3
6675,6
6676,5
6677,6
6678,4
6679,5
6680,0
6681,3
6682,2
6683,6
6684,6
6685,5
6686,0
6687,5
6688,6
6689,0
6690,6
6691,3
6692,3
6693,6
6694,5
6695,3
6696,6
6697,6
6698,5
6699,0
6700,1
6701,0
6702,5
6703,5
6704,5
6705,4
6706,6
6707,3
6708,5
6709,0
6710,6
6711,5
6712,0
6713,3
6714,6
6715,0
6716,5
6717,6
6718,5
6719,1
6720,2
6721,6
6722,6
6723,5
6724,2
6725,5
6726,3
6727,3
6728,0
6729,6
6730,5
6731,6
6732,5
6733,3
6734,3
6735,0
6736,5
6737,5
6738,1
6739,6
6740,6
6741,3
6742,5
6743,0
6744,5
6745,5
6746,5
6747,2
6748,6
6749,5
6750,5
6751,3
6752,6
6753,3
6754,3
6755,0
6756,5
6757,1
6758,3
6759,3
6760,2
6761,6
6762,0
6763,6
6764,4
6765,5
6766,0
6767,5
6768,1
6769,1
6770,5
6771,4
6772,4
6773,3
6774,4
6775,5
6776,6
6777,0
6778,5
6779,5
6780,5
6781,3
6782,3
6783,6
6784,0
6785,0
6786,3
6787,3
6788,0
6789,0
6790,0
6791,6
6792,5
6793,3
6794,5
6795,6
6796,6
6797,5
6798,5
6799,3
6800,2
6801,0
6802,5
6803,6
6804,5
6805,5
6806,5
6807,0
6808,1
6809,3
6810,5
6811,5
6812,5
6813,4
6814,1
6815,4
6816,5
6817,5
6818,3
6819,3
6820,5
6821,5
6822,5
6823,0
6824,5
6825,5
6826,3
6827,5
6828,3
6829,4
6830,5
6831,5
6832,5
6833,5
6834,3
6835,2
6836,3
6837,5
6838,0
6839,6
6840,0
6841,5
6842,1
6843,0
6844,0
6845,6
6846,5
6847,3
6848,5
6849,5
6850,5
6851,1
6852,0
6853,5
6854,5
6855,0
6856,6
6857,4
6858,2
6859,1
6860,2
6861,0
6862,5
6863,3
6864,5
6865,3
6866,5
6867,5
6868,6
6869,5
6870,5
6871,6
6872,3
6873,2
6874,5
6875,0
6876,5
6877,6
6878,0
6879,1
6880,3
6881,2
6882,5
6883,6
6884,5
6885,3
6886,1
6887,5
6888,5
6889,5
6890,0
6891,2
6892,5
6893,0
6894,4
6895,0
6896,6
6897,5
6898,5
6899,3
6900,0
6901,0
6902,6
6903,5
6904,0
6905,5
6906,0
6907,5
6908,0
6909,5
6910,1
6911,5
6912,1
6913,1
6914,5
6915,4
6916,3
6917,0
6918,5
6919,3
6920,5
6921,3
6922,0
6923,5
6924,0
6925,6
6926,0
6927,1
6928,1
6929,3
6930,6
6931,0
6932,5
6933,1
6934,6
6935,2
6936,5
6937,3
6938,2
6939,5
6940,1
6941,6
6942,5
6943,5
6944,1
6945,6
6946,1
6947,6
6948,5
6949,0
6950,5
6951,3
6952,0
6953,5
6954,3
6955,5
6956,5
6957,5
6958,5
6959,0
6960,6
6961,5
6962,5
6963,3
6964,4
6965,4
6966,6
6967,5
6968,5
6969,5
6970,0
6971,5
6972,4
6973,6
6974,5
6975,5
6976,5
6977,5
6978,6
6979,0
6980,3
6981,3
6982,3
6983,3
6984,2
6985,0
6986,5
6987,2
6988,4
6989,6
6990,5
6991,6
6992,6
6993,6
6994,2
6995,6
6996,3
6997,0
6998,4
6999,5
7000,6
7001,0
7002,2
7003,6
7004,3
7005,5
7006,5
7007,6
7008,5
7009,5
7010,4
7011,0
7012,6
7013,3
7014,6
7015,5
7016,6
7017,2
7018,5
7019,2
7020,0
7021,6
7022,6
7023,0
7024,6
7025,5
7026,5
7027,4
7028,5
7029,5
7030,5
7031,0
7032,2
7033,3
7034,4
7035,0
7036,5
7037,5
7038,2
7039,6
7040,6
7041,3
7042,5
7043,4
7044,0
7045,5
7046,5
7047,0
7048,6
7049,5
7050,5
7051,5
7052,5
7053,0
7054,5
7055,5
7056,2
7057,5
7058,6
7059,5
7060,5
7061,0
7062,5
7063,0
7064,6
7065,5
7066,0
7067,3
7068,4
7069,5
7070,6
7071,5
7072,3
7073,5
7074,0
7075,6
7076,5
7077,5
7078,2
7079,4
7080,0
7081,3
7082,0
7083,4
7084,0
7085,5
7086,5
7087,6
7088,6
7089,0
7090,6
7091,1
7092,2
7093,0
7094,3
7095,1
7096,0
7097,5
7098,0
7099,3
7100,6
7101,5
7102,5
7103,5
7104,4
7105,5
7106,6
7107,5
7108,5
7109,5
7110,5
7111,1
7112,3
7113,2
7114,3
7115,6
7116,5
7117,5
7118,5
7119,6
7120,5
7121,0
7122,3
7123,1
7124,0
7125,0
7126,0
7127,5
7128,5
7129,5
7130,0
7131,5
7132,0
7133,0
7134,0
7135,1
7136,1
7137,2
7138,3
7139,5
7140,0
7141,2
7142,0
7143,5
7144,1
7145,3
7146,0
7147,5
7148,6
7149,0
7150,2
7151,0
7152,4
7153,5
7154,5
7155,6
7156,5
7157,5
7158,6
7159,5
7160,5
7161,0
7162,5
7163,5
7164,6
7165,5
7166,5
7167,6
7168,0
7169,2
7170,3
7171,0
7172,0
7173,2
7174,2
7175,0
7176,5
7177,5
7178,3
7179,5
7180,6
7181,2
7182,0
7183,3
7184,6
7185,5
7186,5
7187,5
7188,4
7189,5
7190,3
7191,5
7192,1
7193,6
7194,5
7195,5
7196,3
7197,6
7198,3
7199,5
7200,6
7201,1
7202,0
7203,3
7204,0
7205,5
7206,3
7207,2
7208,5
7209,3
7210,3
7211,6
7212,5
7213,6
7214,6
7215,5
7216,0
7217,5
7218,6
7219,0
7220,0
7221,5
7222,0
7223,5
7224,3
7225,0
7226,0
7227,5
7228,4
7229,3
7230,5
7231,0
7232,5
7233,3
7234,0
7235,2
7236,3
7237,5
7238,5
7239,0
7240,5
7241,2
7242,0
7243,5
7244,0
7245,0
7246,5
7247,0
7248,5
7249,3
7250,6
7251,3
7252,3
7253,3
7254,6
7255,4
7256,6
7257,5
7258,6
7259,6
7260,0
7261,5
7262,5
7263,6
7264,1
7265,0
7266,6
7267,4
7268,3
7269,4
7270,0
7271,5
7272,0
7273,5
7274,5
7275,5
7276,5
7277,2
7278,5
7279,0
7280,3
7281,5
7282,5
7283,5
7284,2
7285,5
7286,4
7287,5
7288,2
7289,0
7290,5
7291,5
7292,0
7293,3
7294,3
7295,5
7296,6
7297,3
7298,2
7299,5
7300,3
7301,0
7302,5
7303,3
7304,4
7305,6
7306,3
7307,2
7308,3
7309,3
7310,6
7311,0
7312,5
7313,5
7314,4
7315,5
7316,0
7317,5
7318,3
7319,5
7320,5
7321,5
7322,5
7323,0
7324,2
7325,2
7326,5
7327,5
7328,6
7329,5
7330,5
7331,3
7332,3
7333,3
7334,1
7335,5
7336,5
7337,4
7338,4
7339,5
7340,5
7341,6
7342,5
7343,4
7344,0
7345,3
7346,5
7347,0
7348,5
7349,2
7350,3
7351,5
7352,6
7353,3
7354,3
7355,2
7356,2
7357,0
7358,2
7359,6
7360,6
7361,5
7362,0
7363,6
7364,5
7365,2
7366,0
7367,5
7368,5
7369,5
7370,5
7371,5
7372,4
7373,0
7374,0
7375,3
7376,5
7377,5
7378,0
7379,0
7380,6
7381,5
7382,3
7383,0
7384,3
7385,0
7386,5
7387,6
7388,5
7389,5
7390,5
7391,0
7392,0
7393,5
7394,0
7395,3
7396,2
7397,6
7398,6
7399,5
7400,5
7401,0
7402,0
7403,5
7404,6
7405,1
7406,6
7407,5
7408,3
7409,6
7410,6
7411,1
7412,3
7413,3
7414,0
7415,5
7416,2
7417,2
7418,5
7419,2
7420,6
7421,3
7422,3
7423,0
7424,5
7425,0
7426,0
7427,6
7428,4
7429,6
7430,6
7431,5
7432,6
7433,3
7434,3
7435,5
7436,1
7437,6
7438,5
7439,2
7440,5
7441,6
7442,5
7443,5
7444,0
7445,3
7446,0
7447,0
7448,5
7449,3
7450,6
7451,2
7452,6
7453,3
7454,0
7455,0
7456,5
7457,5
7458,5
7459,5
7460,0
7461,0
7462,5
7463,5
7464,5
7465,0
7466,1
7467,0
7468,5
7469,0
7470,6
7471,5
7472,0
7473,0
7474,2
7475,0
7476,3
7477,1
7478,3
7479,3
7480,0
7481,1
7482,0
7483,6
7484,3
7485,5
7486,6
7487,6
7488,5
7489,5
7490,5
7491,5
7492,2
7493,5
7494,5
7495,3
7496,5
7497,1
7498,5
7499,5
7500,5
7501,6
7502,0
7503,5
7504,2
7505,5
7506,5
7507,6
7508,6
7509,5
7510,2
7511,6
7512,6
7513,3
7514,2
7515,5
7516,5
7517,5
7518,5
7519,6
7520,5
7521,6
7522,3
7523,2
7524,5
7525,2
7526,1
7527,0
7528,5
7529,5
7530,3
7531,0
7532,6
7533,2
7534,2
7535,3
7536,2
7537,3
7538,4
7539,3
7540,0
7541,5
7542,2
7543,3
7544,6
7545,3
7546,0
7547,3
7548,5
7549,5
7550,0
7551,5
7552,3
7553,6
7554,3
7555,2
7556,1
7557,5
7558,6
7559,5
7560,3
7561,5
7562,3
7563,6
7564,6
7565,3
7566,5
7567,4
7568,5
7569,5
7570,5
7571,3
7572,5
7573,6
7574,5
7575,3
7576,5
7577,5
7578,4
7579,3
7580,6
7581,5
7582,2
7583,6
7584,0
7585,3
7586,0
7587,5
7588,0
7589,6
7590,6
7591,5
7592,6
7593,0
7594,5
7595,5
7596,3
7597,0
7598,3
7599,0
7600,5
7601,5
7602,5
7603,1
7604,3
7605,3
7606,0
7607,0
7608,5
7609,3
7610,6
7611,3
7612,5
7613,5
7614,0
7615,5
7616,1
7617,5
7618,5
7619,5
7620,2
7621,3
7622,6
7623,5
7624,6
7625,5
7626,1
7627,6
7628,5
7629,0
7630,0
7631,2
7632,3
7633,5
7634,3
7635,0
7636,3
7637,5
7638,6
7639,5
7640,5
7641,2
7642,3
7643,5
7644,6
7645,3
7646,5
7647,2
7648,5
7649,5
7650,5
7651,5
7652,2
7653,5
7654,5
7655,5
7656,6
7657,5
7658,6
7659,5
7660,3
7661,2
7662,0
7663,6
7664,0
7665,5
7666,0
7667,0
7668,1
7669,5
7670,2
7671,5
7672,2
7673,3
7674,5
7675,6
7676,3
7677,6
7678,4
7679,0
7680,1
7681,5
7682,0
7683,6
7684,3
7685,5
7686,5
7687,3
7688,5
7689,0
7690,6
7691,5
7692,5
7693,0
7694,3
7695,5
7696,2
7697,4
7698,0
7699,3
7700,3
7701,6
7702,6
7703,0
7704,5
7705,0
7706,0
7707,2
7708,5
7709,6
7710,3
7711,3
7712,5
7713,5
7714,4
7715,5
7716,6
7717,0
7718,5
7719,5
7720,2
7721,5
7722,6
7723,0
7724,5
7725,0
7726,3
7727,0
7728,0
7729,5
7730,0
7731,5
7732,3
7733,6
7734,5
7735,6
7736,5
7737,3
7738,6
7739,4
7740,0
7741,3
7742,0
7743,6
7744,0
7745,0
7746,6
7747,0
7748,5
7749,2
7750,5
7751,5
7752,0
7753,3
7754,0
7755,5
7756,5
7757,0
7758,1
7759,3
7760,0
7761,6
7762,5
7763,5
7764,6
7765,3
7766,2
7767,4
7768,5
7769,3
7770,3
7771,6
7772,6
7773,5
7774,0
7775,6
7776,6
7777,1
7778,0
7779,5
7780,5
7781,5
7782,0
7783,0
7784,5
7785,3
7786,6
7787,0
7788,0
7789,2
7790,0
7791,3
7792,0
7793,5
7794,5
7795,5
7796,5
7797,6
7798,5
7799,1
7800,6
7801,5
7802,5
7803,2
7804,6
7805,2
7806,0
7807,3
7808,0
7809,4
7810,0
7811,2
7812,5
7813,5
7814,6
7815,0
7816,0
7817,5
7818,0
7819,0
7820,0
7821,5
7822,6
7823,2
7824,3
7825,0
7826,2
7827,0
7828,5
7829,0
7830,5
7831,0
7832,1
7833,0
7834,3
7835,5
7836,5
7837,6
7838,5
7839,5
7840,5
7841,6
7842,3
7843,6
7844,6
7845,3
7846,4
7847,6
7848,6
7849,5
7850,5
7851,5
7852,6
7853,3
7854,5
7855,4
7856,2
7857,6
7858,5
7859,0
7860,1
7861,5
7862,3
7863,5
7864,0
7865,5
7866,2
7867,3
7868,6
7869,5
7870,6
7871,5
7872,5
7873,5
7874,6
7875,0
7876,5
7877,6
7878,4
7879,5
7880,5
7881,0
7882,5
7883,5
7884,0
7885,2
7886,0
7887,0
7888,5
7889,5
7890,6
7891,5
7892,3
7893,5
7894,0
7895,2
7896,3
7897,2
7898,0
7899,6
7900,5
7901,5
7902,1
7903,3
7904,6
7905,0
7906,0
7907,3
7908,6
7909,5
7910,0
7911,0
7912,4
7913,6
7914,5
7915,3
7916,0
7917,6
7918,5
7919,6
7920,6
7921,6
7922,6
7923,6
7924,5
7925,6
7926,4
7927,0
7928,1
7929,0
7930,0
7931,5
7932,6
7933,0
7934,5
7935,3
7936,3
7937,5
7938,5
7939,5
7940,5
7941,1
7942,0
7943,0
7944,0
7945,2
7946,5
7947,5
7948,5
7949,0
7950,0
7951,5
7952,4
7953,0
7954,6
7955,1
7956,3
7957,3
7958,5
7959,3
7960,2
7961,5
7962,2
7963,2
7964,5
7965,4
7966,0
7967,5
7968,6
7969,3
7970,5
7971,6
7972,5
7973,5
7974,3
7975,3
7976,5
7977,0
7978,3
7979,0
7980,5
7981,2
7982,0
7983,6
7984,5
7985,3
7986,5
7987,3
7988,5
7989,6
7990,0
7991,6
7992,6
7993,6
7994,5
7995,0
7996,5
7997,5
7998,6
7999,2
8000,0
8001,0
8002,6
8003,6
8004,5
8005,6
8006,5
8007,3
8008,0
8009,0
8010,5
8011,0
8012,6
8013,6
8014,5
8015,3
8016,0
8017,0
8018,0
8019,5
8020,6
8021,2
8022,3
8023,3
8024,5
8025,5
8026,3
8027,6
8028,5
8029,3
8030,3
8031,5
8032,5
8033,0
8034,5
8035,6
8036,5
8037,6
8038,2
8039,1
8040,0
8041,5
8042,3
8043,5
8044,6
8045,6
8046,5
8047,4
8048,6
8049,5
8050,5
8051,0
8052,0
8053,2
8054,2
8055,5
8056,5
8057,0
8058,2
8059,3
8060,0
8061,0
8062,6
8063,6
8064,6
8065,5
8066,3
8067,1
8068,5
8069,6
8070,0
8071,5
8072,5
8073,0
8074,3
8075,0
8076,5
8077,0
8078,5
8079,6
8080,5
8081,6
8082,0
8083,1
8084,0
8085,5
8086,0
8087,5
8088,5
8089,6
8090,2
8091,5
8092,5
8093,6
8094,6
8095,5
8096,5
8097,5
8098,3
8099,5
8100,6
8101,0
8102,0
8103,0
8104,5
8105,3
8106,6
8107,0
8108,6
8109,6
8110,0
8111,6
8112,5
8113,5
8114,5
8115,0
8116,2
8117,3
8118,0
8119,1
8120,5
8121,6
8122,5
8123,5
8124,3
8125,3
8126,3
8127,5
8128,5
8129,5
8130,0
8131,3
8132,5
8133,0
8134,3
8135,5
8136,2
8137,6
8138,5
8139,0
8140,4
8141,6
8142,6
8143,6
8144,5
8145,5
8146,3
8147,3
8148,6
8149,3
8150,5
8151,3
8152,0
8153,6
8154,6
8155,5
8156,3
8157,5
8158,3
8159,5
8160,5
8161,3
8162,5
8163,3
8164,5
8165,0
8166,6
8167,1
8168,3
8169,5
8170,1
8171,6
8172,3
8173,0
8174,5
8175,6
8176,5
8177,6
8178,2
8179,0
8180,6
8181,6
8182,1
8183,5
8184,6
8185,6
8186,0
8187,6
8188,6
8189,6
8190,0
8191,5
8192,6
8193,5
8194,0
8195,5
8196,5
8197,5
8198,6
8199,4
8200,6
8201,5
8202,5
8203,0
8204,0
8205,6
8206,2
8207,5
8208,2
8209,5
8210,5
8211,6
8212,5
8213,5
8214,5
8215,2
8216,6
8217,1
8218,3
8219,6
8220,3
8221,0
8222,0
8223,2
8224,5
8225,0
8226,3
8227,5
8228,1
8229,0
8230,0
8231,3
8232,5
8233,4
8234,3
8235,0
8236,0
8237,0
8238,0
8239,3
8240,6
8241,3
8242,0
8243,0
8244,6
8245,5
8246,0
8247,5
8248,1
8249,2
8250,6
8251,6
8252,5
8253,0
8254,5
8255,3
8256,6
8257,6
8258,6
8259,5
8260,4
8261,2
8262,1
8263,5
8264,0
8265,3
8266,0
8267,5
8268,0
8269,5
8270,5
8271,3
8272,3
8273,5
8274,0
8275,5
8276,0
8277,2
8278,2
8279,1
8280,0
8281,5
8282,6
8283,5
8284,0
8285,3
8286,4
8287,3
8288,4
8289,1
8290,0
8291,4
8292,5
8293,5
8294,6
8295,3
8296,5
8297,6
8298,0
8299,5
8300,5
8301,0
8302,2
8303,5
8304,3
8305,0
8306,0
8307,0
8308,0
8309,0
8310,5
8311,2
8312,6
8313,3
8314,3
8315,0
8316,6
8317,3
8318,5
8319,5
8320,5
8321,0
8322,3
8323,5
8324,6
8325,5
8326,3
8327,6
8328,5
8329,5
8330,2
8331,0
8332,5
8333,4
8334,0
8335,6
8336,5
8337,5
8338,6
8339,6
8340,6
8341,5
8342,1
8343,3
8344,0
8345,0
8346,5
8347,4
8348,2
8349,0
8350,2
8351,0
8352,5
8353,5
8354,6
8355,4
8356,3
8357,0
8358,6
8359,2
8360,2
8361,2
8362,5
8363,1
8364,2
8365,1
8366,5
8367,2
8368,5
8369,6
8370,1
8371,6
8372,3
8373,5
8374,0
8375,6
8376,0
8377,5
8378,6
8379,4
8380,5
8381,5
8382,0
8383,5
8384,5
8385,5
8386,6
8387,6
8388,5
8389,6
8390,0
8391,5
8392,0
8393,0
8394,6
8395,0
8396,0
8397,6
8398,6
8399,6
8400,3
8401,5
8402,6
8403,6
8404,5
8405,0
8406,2
8407,6
8408,5
8409,6
8410,5
8411,5
8412,6
8413,0
8414,6
8415,0
8416,4
8417,5
8418,5
8419,5
8420,5
8421,5
8422,3
8423,6
8424,4
8425,4
8426,5
8427,5
8428,4
8429,5
8430,6
8431,1
8432,5
8433,3
8434,5
8435,6
8436,5
8437,3
8438,2
8439,3
8440,3
8441,5
8442,0
8443,0
8444,5
8445,5
8446,2
8447,6
8448,6
8449,0
8450,3
8451,5
8452,5
8453,6
8454,0
8455,0
8456,0
8457,0
8458,6
8459,6
8460,0
8461,6
8462,0
8463,5
8464,0
8465,5
8466,6
8467,6
8468,0
8469,5
8470,5
8471,1
8472,0
8473,5
8474,3
8475,5
8476,6
8477,3
8478,5
8479,5
8480,6
8481,0
8482,6
8483,6
8484,3
8485,5
8486,4
8487,0
8488,6
8489,3
8490,2
8491,6
8492,6
8493,6
8494,5
8495,5
8496,0
8497,5
8498,0
8499,5
8500,3
8501,3
8502,6
8503,6
8504,6
8505,1
8506,0
8507,5
8508,3
8509,6
8510,5
8511,0
8512,5
8513,5
8514,6
8515,5
8516,0
8517,3
8518,6
8519,5
8520,6
8521,0
8522,5
8523,5
8524,3
8525,3
8526,5
8527,2
8528,1
8529,6
8530,0
8531,0
8532,5
8533,5
8534,0
8535,2
8536,5
8537,5
8538,0
8539,1
8540,6
8541,3
8542,6
8543,6
8544,3
8545,0
8546,3
8547,0
8548,0
8549,5
8550,6
8551,5
8552,3
8553,0
8554,2
8555,5
8556,2
8557,0
8558,5
8559,3
8560,5
8561,5
8562,5
8563,0
8564,0
8565,6
8566,5
8567,5
8568,4
8569,6
8570,0
8571,0
8572,1
8573,0
8574,4
8575,5
8576,3
8577,5
8578,6
8579,5
8580,5
8581,4
8582,6
8583,0
8584,1
8585,4
8586,5
8587,5
8588,0
8589,0
8590,0
8591,5
8592,5
8593,5
8594,5
8595,0
8596,2
8597,5
8598,5
8599,5
8600,5
8601,6
8602,0
8603,5
8604,6
8605,0
8606,0
8607,5
8608,0
8609,6
8610,2
8611,6
8612,6
8613,2
8614,3
8615,2
8616,1
8617,6
8618,6
8619,2
8620,1
8621,3
8622,5
8623,5
8624,0
8625,6
8626,1
8627,5
8628,5
8629,3
8630,5
8631,5
8632,6
8633,1
8634,5
8635,1
8636,5
8637,5
8638,4
8639,3
8640,3
8641,4
8642,4
8643,5
8644,5
8645,0
8646,6
8647,0
8648,0
8649,0
8650,0
8651,0
8652,1
8653,5
8654,1
8655,5
8656,0
8657,3
8658,5
8659,5
8660,5
8661,2
8662,0
8663,0
8664,3
8665,0
8666,6
8667,3
8668,6
8669,0
8670,5
8671,3
8672,5
8673,0
8674,2
8675,5
8676,0
8677,2
8678,3
8679,6
8680,0
8681,3
8682,5
8683,5
8684,1
8685,5
8686,2
8687,1
8688,1
8689,1
8690,5
8691,0
8692,3
8693,5
8694,6
8695,3
8696,6
8697,5
8698,6
8699,5
8700,6
8701,3
8702,1
8703,5
8704,5
8705,6
8706,0
8707,6
8708,0
8709,6
8710,5
8711,6
8712,5
8713,0
8714,3
8715,6
8716,5
8717,3
8718,6
8719,6
8720,3
8721,6
8722,6
8723,5
8724,0
8725,3
8726,5
8727,5
8728,5
8729,3
8730,3
8731,3
8732,5
8733,5
8734,3
8735,2
8736,5
8737,5
8738,5
8739,0
8740,5
8741,5
8742,6
8743,5
8744,0
8745,5
8746,2
8747,4
8748,3
8749,0
8750,1
8751,6
8752,0
8753,3
8754,3
8755,5
8756,5
8757,0
8758,0
8759,5
8760,1
8761,5
8762,6
8763,0
8764,0
8765,6
8766,6
8767,6
8768,5
8769,1
8770,3
8771,0
8772,5
8773,1
8774,5
8775,6
8776,2
8777,3
8778,0
8779,0
8780,6
8781,3
8782,5
8783,5
8784,0
8785,3
8786,3
8787,1
8788,2
8789,5
8790,4
8791,2
8792,0
8793,0
8794,5
8795,5
8796,5
8797,3
8798,5
8799,0
8800,3
8801,0
8802,0
8803,5
8804,6
8805,3
8806,3
8807,5
8808,6
8809,0
8810,5
8811,3
8812,6
8813,6
8814,5
8815,0
8816,5
8817,6
8818,0
8819,3
8820,3
8821,5
8822,5
8823,5
8824,6
8825,5
8826,5
8827,3
8828,0
8829,4
8830,2
8831,0
8832,3
8833,0
8834,5
8835,0
8836,5
8837,3
8838,6
8839,5
8840,5
8841,2
8842,4
8843,0
8844,5
8845,2
8846,5
8847,5
8848,5
8849,5
8850,0
8851,6
8852,0
8853,5
8854,5
8855,0
8856,3
8857,6
8858,3
8859,6
8860,5
8861,0
8862,3
8863,0
8864,0
8865,3
8866,0
8867,3
8868,3
8869,3
8870,6
8871,2
8872,3
8873,0
8874,2
8875,5
8876,1
8877,6
8878,5
8879,5
8880,5
8881,5
8882,6
8883,2
8884,6
8885,6
8886,2
8887,3
8888,5
8889,0
8890,2
8891,5
8892,0
8893,4
8894,3
8895,0
8896,1
8897,6
8898,5
8899,6
8900,6
8901,5
8902,5
8903,5
8904,6
8905,5
8906,5
8907,0
8908,3
8909,0
8910,5
8911,6
8912,5
8913,5
8914,2
8915,3
8916,6
8917,0
8918,2
8919,0
8920,5
8921,5
8922,3
8923,3
8924,0
8925,2
8926,0
8927,4
8928,3
8929,5
8930,5
8931,1
8932,6
8933,5
8934,5
8935,1
8936,6
8937,6
8938,6
8939,6
8940,2
8941,5
8942,3
8943,6
8944,0
8945,5
8946,3
8947,3
8948,3
8949,5
8950,5
8951,6
8952,5
8953,0
8954,5
8955,0
8956,3
8957,4
8958,4
8959,5
8960,1
8961,2
8962,4
8963,6
8964,3
8965,3
8966,5
8967,3
8968,5
8969,5
8970,6
8971,5
8972,3
8973,3
8974,6
8975,6
8976,5
8977,5
8978,2
8979,6
8980,5
8981,0
8982,0
8983,5
8984,5
8985,5
8986,5
8987,3
8988,5
8989,3
8990,5
8991,3
8992,5
8993,6
8994,1
8995,0
8996,3
8997,4
8998,0
8999,5
9000,5
9001,5
9002,1
9003,4
9004,1
9005,5
9006,3
9007,4
9008,5
9009,6
9010,6
9011,0
9012,5
9013,5
9014,0
9015,0
9016,4
9017,2
9018,6
9019,6
9020,6
9021,5
9022,0
9023,0
9024,4
9025,6
9026,5
9027,2
9028,0
9029,0
9030,6
9031,4
9032,5
9033,6
9034,6
9035,5
9036,0
9037,4
9038,5
9039,5
9040,0
9041,5
9042,5
9043,1
9044,6
9045,0
9046,6
9047,6
9048,6
9049,0
9050,0
9051,6
9052,6
9053,1
9054,3
9055,2
9056,0
9057,5
9058,6
9059,5
9060,6
9061,4
9062,3
9063,6
9064,1
9065,1
9066,3
9067,3
9068,5
9069,0
9070,0
9071,5
9072,5
9073,6
9074,2
9075,5
9076,3
9077,3
9078,0
9079,5
9080,5
9081,3
9082,0
9083,1
9084,0
9085,5
9086,5
9087,3
9088,6
9089,0
9090,6
9091,0
9092,2
9093,6
9094,2
9095,5
9096,5
9097,3
9098,0
9099,3
9100,6
9101,5
9102,5
9103,5
9104,5
9105,0
9106,0
9107,3
9108,4
9109,3
9110,5
9111,3
9112,6
9113,6
9114,0
9115,2
9116,5
9117,6
9118,3
9119,0
9120,5
9121,0
9122,1
9123,3
9124,6
9125,5
9126,5
9127,2
9128,3
9129,5
9130,5
9131,0
9132,6
9133,3
9134,6
9135,4
9136,5
9137,5
9138,1
9139,5
9140,3
9141,3
9142,3
9143,1
9144,0
9145,5
9146,2
9147,5
9148,3
9149,6
9150,5
9151,6
9152,4
9153,5
9154,0
9155,5
9156,5
9157,5
9158,0
9159,1
9160,0
9161,0
9162,5
9163,5
9164,0
9165,5
9166,5
9167,5
9168,5
9169,5
9170,5
9171,5
9172,5
9173,4
9174,5
9175,3
9176,3
9177,6
9178,2
9179,5
9180,2
9181,6
9182,6
9183,5
9184,0
9185,3
9186,5
9187,1
9188,0
9189,6
9190,5
9191,5
9192,6
9193,6
9194,3
9195,2
9196,5
9197,6
9198,0
9199,0
9200,6
9201,1
9202,3
9203,0
9204,0
9205,6
9206,5
9207,5
9208,5
9209,0
9210,3
9211,2
9212,5
9213,5
9214,6
9215,6
9216,1
9217,6
9218,5
9219,5
9220,0
9221,5
9222,5
9223,6
9224,0
9225,6
9226,5
9227,5
9228,0
9229,2
9230,5
9231,1
9232,1
9233,0
9234,0
9235,0
9236,6
9237,2
9238,1
9239,5
9240,5
9241,0
9242,6
9243,5
9244,5
9245,3
9246,3
9247,0
9248,5
9249,1
9250,0
9251,3
9252,5
9253,0
9254,6
9255,5
9256,6
9257,5
9258,5
9259,0
9260,0
9261,2
9262,0
9263,3
9264,3
9265,0
9266,6
9267,3
9268,5
9269,5
9270,6
9271,0
9272,0
9273,5
9274,5
9275,3
9276,2
9277,1
9278,1
9279,5
9280,5
9281,0
9282,6
9283,5
9284,4
9285,3
9286,0
9287,3
9288,0
9289,0
9290,3
9291,2
9292,6
9293,0
9294,3
9295,1
9296,4
9297,3
9298,3
9299,5
9300,1
9301,4
9302,1
9303,5
9304,1
9305,6
9306,0
9307,0
9308,5
9309,6
9310,2
9311,5
9312,5
9313,5
9314,2
9315,0
9316,5
9317,3
9318,4
9319,5
9320,6
9321,0
9322,5
9323,6
9324,0
9325,1
9326,0
9327,6
9328,6
9329,0
9330,5
9331,5
9332,5
9333,2
9334,6
9335,5
9336,0
9337,0
9338,2
9339,6
9340,5
9341,5
9342,1
9343,4
9344,0
9345,0
9346,5
9347,0
9348,4
9349,5
9350,2
9351,3
9352,6
9353,6
9354,5
9355,1
9356,6
9357,6
9358,5
9359,0
9360,6
9361,5
9362,0
9363,3
9364,0
9365,5
9366,1
9367,0
9368,0
9369,5
9370,6
9371,1
9372,5
9373,5
9374,0
9375,0
9376,5
9377,5
9378,6
9379,1
9380,5
9381,6
9382,0
9383,5
9384,6
9385,1
9386,1
9387,3
9388,3
9389,1
9390,3
9391,5
9392,5
9393,5
9394,0
9395,5
9396,6
9397,5
9398,0
9399,5
9400,3
9401,5
9402,6
9403,5
9404,1
9405,1
9406,0
9407,5
9408,0
9409,3
9410,5
9411,5
9412,0
9413,6
9414,5
9415,3
9416,0
9417,3
9418,5
9419,3
9420,6
9421,6
9422,0
9423,5
9424,6
9425,6
9426,3
9427,5
9428,0
9429,5
9430,0
9431,5
9432,6
9433,3
9434,3
9435,5
9436,2
9437,5
9438,0
9439,0
9440,3
9441,0
9442,6
9443,6
9444,5
9445,0
9446,5
9447,0
9448,6
9449,6
9450,0
9451,1
9452,5
9453,0
9454,6
9455,4
9456,0
9457,2
9458,0
9459,6
9460,5
9461,5
9462,0
9463,0
9464,2
9465,6
9466,2
9467,5
9468,5
9469,5
9470,5
9471,0
9472,6
9473,6
9474,2
9475,6
9476,3
9477,0
9478,2
9479,6
9480,0
9481,2
9482,4
9483,6
9484,0
9485,6
9486,3
9487,5
9488,3
9489,3
9490,1
9491,5
9492,0
9493,5
9494,5
9495,5
9496,5
9497,6
9498,5
9499,3
9500,3
9501,5
9502,0
9503,5
9504,6
9505,0
9506,3
9507,2
9508,3
9509,0
9510,2
9511,0
9512,5
9513,5
9514,5
9515,2
9516,5
9517,1
9518,0
9519,5
9520,3
9521,6
9522,5
9523,5
9524,4
9525,3
9526,0
9527,2
9528,5
9529,5
9530,5
9531,0
9532,5
9533,5
9534,0
9535,0
9536,2
9537,3
9538,4
9539,6
9540,0
9541,0
9542,6
9543,5
9544,1
9545,5
9546,5
9547,5
9548,5
9549,5
9550,3
9551,4
9552,5
9553,4
9554,6
9555,5
9556,5
9557,3
9558,3
9559,0
9560,6
9561,0
9562,1
9563,0
9564,5
9565,0
9566,5
9567,6
9568,6
9569,5
9570,0
9571,5
9572,5
9573,5
9574,6
9575,2
9576,2
9577,5
9578,6
9579,1
9580,5
9581,6
9582,0
9583,6
9584,5
9585,3
9586,3
9587,6
9588,6
9589,1
9590,5
9591,6
9592,5
9593,5
9594,3
9595,6
9596,6
9597,3
9598,5
9599,5
9600,0
9601,5
9602,5
9603,6
9604,0
9605,5
9606,6
9607,6
9608,5
9609,6
9610,6
9611,4
9612,6
9613,5
9614,1
9615,6
9616,6
9617,2
9618,5
9619,2
9620,4
9621,0
9622,5
9623,5
9624,5
9625,6
9626,0
9627,6
9628,5
9629,0
9630,3
9631,0
9632,1
9633,0
9634,6
9635,3
9636,5
9637,0
9638,2
9639,1
9640,6
9641,3
9642,0
9643,0
9644,1
9645,6
9646,2
9647,6
9648,6
9649,6
9650,2
9651,5
9652,5
9653,2
9654,2
9655,6
9656,5
9657,0
9658,0
9659,0
9660,0
9661,5
9662,6
9663,0
9664,2
9665,2
9666,5
9667,6
9668,5
9669,3
9670,5
9671,6
9672,4
9673,5
9674,3
9675,2
9676,6
9677,2
9678,2
9679,6
9680,6
9681,5
9682,5
9683,6
9684,6
9685,5
9686,5
9687,5
9688,6
9689,5
9690,6
9691,1
9692,6
9693,6
9694,3
9695,0
9696,3
9697,5
9698,5
9699,6
9700,4
9701,6
9702,5
9703,6
9704,5
9705,1
9706,5
9707,5
9708,6
9709,6
9710,0
9711,0
9712,2
9713,6
9714,6
9715,5
9716,5
9717,5
9718,5
9719,6
9720,5
9721,3
9722,2
9723,5
9724,5
9725,2
9726,5
9727,5
9728,4
9729,0
9730,6
9731,5
9732,3
9733,1
9734,1
9735,3
9736,1
9737,3
9738,6
9739,6
9740,0
9741,0
9742,6
9743,5
9744,5
9745,5
9746,6
9747,0
9748,3
9749,3
9750,5
9751,3
9752,5
9753,0
9754,0
9755,6
9756,5
9757,5
9758,1
9759,0
9760,5
9761,6
9762,0
9763,0
9764,0
9765,5
9766,6
9767,1
9768,0
9769,0
9770,6
9771,0
9772,5
9773,0
9774,5
9775,3
9776,2
9777,6
9778,5
9779,2
9780,5
9781,0
9782,3
9783,0
9784,6
9785,5
9786,5
9787,2
9788,3
9789,6
9790,5
9791,0
9792,5
9793,6
9794,3
9795,0
9796,5
9797,6
9798,3
9799,6
9800,5
9801,0
9802,3
9803,3
9804,6
9805,6
9806,5
9807,6
9808,2
9809,6
9810,6
9811,6
9812,5
9813,5
9814,1
9815,5
9816,1
9817,4
9818,3
9819,2
9820,0
9821,0
9822,5
9823,5
9824,5
9825,4
9826,2
9827,5
9828,5
9829,4
9830,2
9831,6
9832,1
9833,2
9834,0
9835,0
9836,5
9837,1
9838,5
9839,6
9840,4
9841,5
9842,4
9843,1
9844,5
9845,5
9846,6
9847,6
9848,6
9849,6
9850,5
9851,0
9852,5
9853,4
9854,6
9855,2
9856,2
9857,4
9858,5
9859,0
9860,0
9861,3
9862,0
9863,0
9864,5
9865,5
9866,0
9867,2
9868,5
9869,5
9870,4
9871,6
9872,6
9873,5
9874,5
9875,2
9876,2
9877,5
9878,5
9879,0
9880,5
9881,3
9882,2
9883,5
9884,5
9885,5
9886,5
9887,6
9888,0
9889,5
9890,5
9891,0
9892,5
9893,6
9894,5
9895,6
9896,3
9897,6
9898,0
9899,5
9900,4
9901,5
9902,1
9903,0
9904,4
9905,3
9906,0
9907,2
9908,6
9909,5
9910,3
9911,6
9912,6
9913,5
9914,5
9915,0
9916,5
9917,6
9918,6
9919,2
9920,3
9921,1
9922,0
9923,0
9924,0
9925,2
9926,3
9927,5
9928,5
9929,0
9930,3
9931,5
9932,0
9933,1
9934,5
9935,6
9936,3
9937,5
9938,5
9939,5
9940,0
9941,5
9942,2
9943,5
9944,5
9945,6
9946,5
9947,6
9948,1
9949,5
9950,6
9951,4
9952,5
9953,1
9954,0
9955,0
9956,3
9957,1
9958,5
9959,5
9960,1
9961,0
9962,0
9963,6
9964,3
9965,5
9966,5
9967,3
9968,1
9969,2
9970,6
9971,5
9972,6
9973,6
9974,0
9975,3
9976,2
9977,5
9978,5
9979,6
9980,6
9981,6
9982,5
9983,3
9984,4
9985,6
9986,2
9987,6
9988,0
9989,6
9990,5
9991,5
9992,3
9993,3
9994,4
9995,1
9996,6
9997,6
9998,0
9999,0
10000,0
10001,6
10002,3
10003,5
10004,2
10005,5
10006,5
10007,6
10008,5
10009,2
10010,6
10011,1
10012,0
10013,2
10014,2
10015,3
10016,0
10017,0
10018,5
10019,6
10020,0
10021,2
10022,2
10023,5
10024,6
10025,3
10026,1
10027,2
10028,2
10029,1
10030,0
10031,5
10032,3
10033,0
10034,5
10035,5
10036,5
10037,5
10038,5
10039,0
10040,5
10041,2
10042,0
10043,5
10044,1
10045,3
10046,5
10047,0
10048,2
10049,5
10050,3
10051,5
10052,3
10053,0
10054,5
10055,0
10056,5
10057,3
10058,0
10059,4
10060,3
10061,6
10062,3
10063,0
10064,6
10065,6
10066,0
10067,3
10068,6
10069,1
10070,0
10071,5
10072,3
10073,6
10074,5
10075,6
10076,2
10077,3
10078,1
10079,5
10080,0
10081,2
10082,6
10083,3
10084,5
10085,6
10086,0
10087,1
10088,6
10089,5
10090,1
10091,0
10092,6
10093,2
10094,0
10095,5
10096,5
10097,2
10098,1
10099,4
10100,5
10101,2
10102,1
10103,2
10104,2
10105,6
10106,0
10107,3
10108,0
10109,6
10110,4
10111,0
10112,0
10113,1
10114,2
10115,0
10116,1
10117,0
10118,0
10119,2
10120,6
10121,5
10122,5
10123,0
10124,4
10125,0
10126,5
10127,2
10128,5
10129,5
10130,0
10131,5
10132,1
10133,2
10134,5
10135,2
10136,4
10137,5
10138,1
10139,0
10140,5
10141,0
10142,2
10143,5
10144,4
10145,6
10146,3
10147,2
10148,5
10149,6
10150,0
10151,3
10152,3
10153,0
10154,6
10155,3
10156,5
10157,6
10158,5
10159,5
10160,0
10161,0
10162,6
10163,1
10164,5
10165,1
10166,3
10167,2
10168,6
10169,0
10170,5
10171,1
10172,0
10173,6
10174,0
10175,1
10176,3
10177,0
10178,5
10179,5
10180,2
10181,5
10182,5
10183,2
10184,0
10185,3
10186,0
10187,6
10188,1
10189,5
10190,0
10191,3
10192,6
10193,5
10194,6
10195,5
10196,0
10197,1
10198,6
10199,3
10200,5
10201,0
10202,6
10203,6
10204,1
10205,3
10206,5
10207,6
10208,4
10209,4
10210,6
10211,1
10212,5
10213,4
10214,0
10215,2
10216,5
10217,1
10218,5
10219,0
10220,2
10221,5
10222,2
10223,5
10224,0
10225,6
10226,5
10227,4
10228,5
10229,6
10230,0
10231,5
10232,2
10233,5
10234,0
10235,6
10236,5
10237,1
10238,5
10239,5
10240,6
10241,0
10242,3
10243,3
10244,0
10245,2
10246,5
10247,0
10248,0
10249,3
10250,5
10251,5
10252,0
10253,5
10254,5
10255,3
10256,5
10257,4
10258,5
10259,6
10260,6
10261,6
10262,3
10263,6
10264,5
10265,6
10266,6
10267,1
10268,5
10269,4
10270,3
10271,1
10272,3
10273,0
10274,5
10275,5
10276,4
10277,0
10278,0
10279,3
10280,6
10281,3
10282,3
10283,6
10284,5
10285,3
10286,5
10287,0
10288,5
10289,3
10290,6
10291,0
10292,6
10293,6
10294,3
10295,3
10296,6
10297,3
10298,2
10299,5
10300,6
10301,0
10302,6
10303,5
10304,4
10305,5
10306,5
10307,5
10308,6
10309,0
10310,0
10311,5
10312,2
10313,2
10314,5
10315,6
10316,0
10317,0
10318,3
10319,1
10320,1
10321,5
10322,3
10323,1
10324,2
10325,3
10326,5
10327,2
10328,0
10329,2
10330,0
10331,3
10332,6
10333,5
10334,6
10335,3
10336,3
10337,5
10338,5
10339,0
10340,0
10341,6
10342,6
10343,0
10344,5
10345,6
10346,5
10347,5
10348,2
10349,0
10350,0
10351,5
10352,4
10353,0
10354,4
10355,5
10356,1
10357,3
10358,3
10359,6
10360,5
10361,5
10362,2
10363,6
10364,5
10365,5
10366,5
10367,1
10368,5
10369,2
10370,5
10371,5
10372,5
10373,5
10374,6
10375,6
10376,1
10377,5
10378,5
10379,0
10380,5
10381,5
10382,5
10383,5
10384,5
10385,1
10386,6
10387,0
10388,6
10389,5
10390,5
10391,6
10392,0
10393,0
10394,1
10395,3
10396,6
10397,5
10398,3
10399,6
10400,4
10401,4
10402,5
10403,6
10404,3
10405,2
10406,0
10407,4
10408,2
10409,5
10410,5
10411,3
10412,5
10413,0
10414,5
10415,5
10416,5
10417,4
10418,3
10419,5
10420,1
10421,6
10422,1
10423,2
10424,6
10425,2
10426,1
10427,5
10428,5
10429,3
10430,1
10431,0
10432,0
10433,1
10434,5
10435,5
10436,5
10437,1
10438,2
10439,5
10440,1
10441,2
10442,5
10443,0
10444,5
10445,3
10446,5
10447,0
10448,5
10449,5
10450,5
10451,6
10452,6
10453,3
10454,4
10455,5
10456,0
10457,5
10458,5
10459,0
10460,0
10461,0
10462,5
10463,6
10464,6
10465,3
10466,1
10467,5
10468,3
10469,4
10470,0
10471,1
10472,2
10473,6
10474,0
10475,5
10476,1
10477,0
10478,6
10479,3
10480,5
10481,1
10482,5
10483,5
10484,0
10485,5
10486,3
10487,6
10488,5
10489,5
10490,5
10491,5
10492,1
10493,2
10494,0
10495,5
10496,5
10497,0
10498,6
10499,6
10500,6
10501,5
10502,6
10503,0
10504,6
10505,5
10506,2
10507,5
10508,3
10509,2
10510,5
10511,5
10512,0
10513,6
10514,6
10515,5
10516,3
10517,5
10518,2
10519,5
10520,2
10521,5
10522,3
10523,5
10524,3
10525,5
10526,5
10527,6
10528,3
10529,0
10530,3
10531,2
10532,6
10533,2
10534,0
10535,4
10536,3
10537,2
10538,5
10539,5
10540,0
10541,5
10542,0
10543,0
10544,6
10545,5
10546,2
10547,6
10548,2
10549,5
10550,4
10551,6
10552,5
10553,2
10554,5
10555,1
10556,5
10557,3
10558,6
10559,5
10560,6
10561,6
10562,2
10563,5
10564,0
10565,6
10566,5
10567,5
10568,5
10569,6
10570,5
10571,6
10572,0
10573,6
10574,5
10575,1
10576,5
10577,0
10578,6
10579,5
10580,3
10581,0
10582,1
10583,2
10584,0
10585,3
10586,0
10587,5
10588,6
10589,6
10590,6
10591,0
10592,0
10593,6
10594,6
10595,5
10596,5
10597,3
10598,5
10599,0
10600,6
10601,1
10602,5
10603,6
10604,5
10605,4
10606,0
10607,0
10608,0
10609,6
10610,3
10611,5
10612,1
10613,6
10614,5
10615,6
10616,5
10617,6
10618,0
10619,5
10620,5
10621,5
10622,6
10623,0
10624,5
10625,5
10626,3
10627,0
10628,2
10629,2
10630,5
10631,5
10632,0
10633,5
10634,6
10635,6
10636,3
10637,4
10638,5
10639,3
10640,3
10641,6
10642,2
10643,5
10644,6
10645,2
10646,0
10647,5
10648,1
10649,5
10650,6
10651,5
10652,6
10653,1
10654,5
10655,3
10656,0
10657,5
10658,3
10659,6
10660,2
10661,2
10662,5
10663,0
10664,3
10665,0
10666,5
10667,3
10668,2
10669,3
10670,5
10671,6
10672,2
10673,5
10674,0
10675,5
10676,1
10677,6
10678,0
10679,6
10680,5
10681,5
10682,6
10683,5
10684,6
10685,0
10686,4
10687,3
10688,5
10689,3
10690,0
10691,5
10692,5
10693,6
10694,4
10695,0
10696,0
10697,0
10698,5
10699,1
10700,5
10701,0
10702,2
10703,0
10704,0
10705,6
10706,5
10707,6
10708,0
10709,2
10710,0
10711,6
10712,0
10713,1
10714,1
10715,5
10716,5
10717,1
10718,5
10719,5
10720,5
10721,0
10722,6
10723,3
10724,1
10725,5
10726,3
10727,2
10728,5
10729,5
10730,5
10731,5
10732,6
10733,5
10734,0
10735,6
10736,5
10737,6
10738,2
10739,3
10740,2
10741,6
10742,4
10743,6
10744,5
10745,5
10746,3
10747,5
10748,3
10749,5
10750,4
10751,5
10752,2
10753,6
10754,5
10755,2
10756,0
10757,0
10758,5
10759,0
10760,6
10761,5
10762,2
10763,0
10764,5
10765,5
10766,0
10767,5
10768,5
10769,3
10770,6
10771,6
10772,5
10773,2
10774,5
10775,6
10776,2
10777,1
10778,0
10779,5
10780,3
10781,3
10782,5
10783,6
10784,0
10785,5
10786,0
10787,0
10788,2
10789,0
10790,0
10791,0
10792,0
10793,5
10794,5
10795,0
10796,5
10797,0
10798,6
10799,0
10800,6
10801,0
10802,5
10803,5
10804,6
10805,0
10806,5
10807,6
10808,0
10809,3
10810,5
10811,3
10812,5
10813,5
10814,6
10815,5
10816,0
10817,5
10818,5
10819,5
10820,0
10821,2
10822,5
10823,0
10824,5
10825,2
10826,5
10827,3
10828,6
10829,5
10830,0
10831,0
10832,6
10833,0
10834,5
10835,6
10836,3
10837,2
10838,5
10839,0
10840,5
10841,5
10842,3
10843,6
10844,6
10845,5
10846,3
10847,2
10848,3
10849,5
10850,0
10851,1
10852,5
10853,3
10854,5
10855,2
10856,5
10857,6
10858,5
10859,0
10860,0
10861,2
10862,6
10863,6
10864,3
10865,0
10866,5
10867,0
10868,1
10869,6
10870,5
10871,5
10872,2
10873,5
10874,5
10875,0
10876,4
10877,2
10878,0
10879,3
10880,3
10881,5
10882,1
10883,5
10884,6
10885,5
10886,0
10887,0
10888,6
10889,5
10890,5
10891,3
10892,5
10893,6
10894,5
10895,0
10896,5
10897,6
10898,2
10899,2
10900,2
10901,0
10902,2
10903,5
10904,0
10905,4
10906,6
10907,1
10908,6
10909,0
10910,4
10911,1
10912,5
10913,6
10914,2
10915,6
10916,3
10917,0
10918,4
10919,0
10920,6
10921,2
10922,5
10923,5
10924,0
10925,6
10926,5
10927,6
10928,6
10929,3
10930,3
10931,5
10932,5
10933,5
10934,1
10935,0
10936,5
10937,0
10938,0
10939,5
10940,1
10941,5
10942,6
10943,3
10944,5
10945,5
10946,5
10947,1
10948,0
10949,2
10950,6
10951,5
10952,5
10953,0
10954,4
10955,5
10956,6
10957,6
10958,0
10959,0
10960,6
10961,3
10962,5
10963,3
10964,5
10965,0
10966,5
10967,3
10968,0
10969,3
10970,5
10971,5
10972,6
10973,0
10974,1
10975,5
10976,5
10977,5
10978,6
10979,0
10980,6
10981,6
10982,6
10983,5
10984,6
10985,1
10986,5
10987,2
10988,0
10989,0
10990,6
10991,5
10992,6
10993,3
10994,5
10995,6
10996,6
10997,5
10998,5
10999,0
11000,2
11001,1
11002,1
11003,0
11004,0
11005,3
11006,0
11007,5
11008,0
11009,0
11010,5
11011,0
11012,6
11013,0
11014,3
11015,6
11016,0
11017,3
11018,5
11019,1
11020,6
11021,6
11022,5
11023,5
11024,0
11025,5
11026,0
11027,1
11028,6
11029,3
11030,6
11031,6
11032,2
11033,0
11034,5
11035,0
11036,2
11037,5
11038,0
11039,0
11040,0
11041,6
11042,6
11043,5
11044,5
11045,5
11046,0
11047,0
11048,2
11049,3
11050,0
11051,5
11052,5
11053,0
11054,5
11055,0
11056,0
11057,6
11058,3
11059,0
11060,5
11061,0
11062,2
11063,6
11064,5
11065,5
11066,2
11067,3
11068,6
11069,0
11070,6
11071,0
11072,1
11073,5
11074,0
11075,3
11076,3
11077,5
11078,3
11079,3
11080,4
11081,4
11082,1
11083,5
11084,5
11085,0
11086,5
11087,5
11088,3
11089,6
11090,5
11091,5
11092,3
11093,0
11094,3
11095,0
11096,5
11097,2
11098,6
11099,0
11100,5
11101,6
11102,6
11103,1
11104,2
11105,1
11106,6
11107,0
11108,5
11109,3
11110,0
11111,5
11112,5
11113,3
11114,5
11115,5
11116,1
11117,0
11118,2
11119,5
11120,6
11121,6
11122,3
11123,1
11124,5
11125,3
11126,5
11127,6
11128,6
11129,5
11130,1
11131,0
11132,3
11133,3
11134,5
11135,5
11136,0
11137,3
11138,5
11139,6
11140,3
11141,0
11142,2
11143,5
11144,5
11145,5
11146,3
11147,1
11148,2
11149,0
11150,0
11151,5
11152,5
11153,3
11154,0
11155,3
11156,0
11157,5
11158,5
11159,2
11160,5
11161,6
11162,5
11163,6
11164,0
11165,5
11166,5
11167,4
11168,2
11169,5
11170,6
11171,5
11172,3
11173,5
11174,6
11175,2
11176,1
11177,1
11178,2
11179,5
11180,1
11181,0
11182,3
11183,0
11184,6
11185,3
11186,0
11187,3
11188,5
11189,6
11190,0
11191,3
11192,4
11193,0
11194,0
11195,0
11196,1
11197,6
11198,5
11199,2
11200,5
11201,6
11202,6
11203,3
11204,5
11205,0
11206,1
11207,6
11208,4
11209,0
11210,5
11211,2
11212,6
11213,6
11214,3
11215,6
11216,5
11217,5
11218,3
11219,5
11220,0
11221,3
11222,1
11223,0
11224,5
11225,3
11226,3
11227,0
11228,0
11229,6
11230,6
11231,3
11232,6
11233,5
11234,3
11235,1
11236,0
11237,5
11238,3
11239,5
11240,5
11241,5
11242,3
11243,6
11244,5
11245,0
11246,0
11247,5
11248,5
11249,0
11250,5
11251,3
11252,0
11253,5
11254,6
11255,3
11256,0
11257,5
11258,5
11259,6
11260,2
11261,2
11262,3
11263,6
11264,2
11265,0
11266,0
11267,6
11268,2
11269,0
11270,0
11271,6
11272,0
11273,6
11274,3
11275,2
11276,2
11277,5
11278,2
11279,2
11280,5
11281,1
11282,1
11283,6
11284,6
11285,5
11286,2
11287,5
11288,0
11289,2
11290,3
11291,6
11292,3
11293,5
11294,5
11295,1
11296,5
11297,5
11298,0
11299,5
11300,6
11301,6
11302,5
11303,6
11304,6
11305,6
11306,5
11307,6
11308,0
11309,1
11310,3
11311,5
11312,6
11313,2
11314,5
11315,0
11316,0
11317,0
11318,5
11319,1
11320,2
11321,0
11322,5
11323,5
11324,6
11325,6
11326,0
11327,1
11328,5
11329,5
11330,0
11331,6
11332,5
11333,5
11334,6
11335,1
11336,5
11337,0
11338,0
11339,6
11340,0
11341,5
11342,5
11343,1
11344,5
11345,4
11346,5
11347,5
11348,5
11349,6
11350,3
11351,0
11352,4
11353,2
11354,5
11355,6
11356,2
11357,2
11358,3
11359,5
11360,0
11361,5
11362,5
11363,6
11364,1
11365,5
11366,5
11367,0
11368,3
11369,6
11370,2
11371,6
11372,5
11373,0
11374,0
11375,5
11376,1
11377,0
11378,0
11379,5
11380,5
11381,0
11382,0
11383,0
11384,5
11385,6
11386,6
11387,2
11388,2
11389,0
11390,5
11391,1
11392,5
11393,0
11394,6
11395,3
11396,3
11397,0
11398,5
11399,5
11400,0
11401,6
11402,5
11403,5
11404,5
11405,5
11406,2
11407,0
11408,1
11409,6
11410,5
11411,5
11412,5
11413,5
11414,6
11415,5
11416,1
11417,2
11418,2
11419,5
11420,6
11421,5
11422,6
11423,3
11424,4
11425,0
11426,6
11427,6
11428,5
11429,0
11430,5
11431,5
11432,0
11433,1
11434,5
11435,0
11436,5
11437,5
11438,3
11439,5
11440,5
11441,6
11442,6
11443,0
11444,6
11445,6
11446,0
11447,5
11448,0
11449,3
11450,0
11451,2
11452,0
11453,5
11454,6
11455,0
11456,0
11457,1
11458,5
11459,5
11460,1
11461,6
11462,5
11463,5
11464,2
11465,5
11466,5
11467,6
11468,5
11469,5
11470,3
11471,6
11472,3
11473,0
11474,5
11475,1
11476,0
11477,3
11478,1
11479,5
11480,5
11481,5
11482,5
11483,5
11484,5
11485,5
11486,0
11487,6
11488,6
11489,6
11490,5
11491,5
11492,3
11493,5
11494,3
11495,5
11496,5
11497,2
11498,6
11499,2
11500,6
11501,3
11502,3
11503,5
11504,3
11505,4
11506,6
11507,0
11508,5
11509,0
11510,5
11511,3
11512,0
11513,0
11514,6
11515,2
11516,5
11517,1
11518,6
11519,5
11520,6
11521,4
11522,6
11523,0
11524,5
11525,6
11526,3
11527,5
11528,2
11529,3
11530,0
11531,5
11532,2
11533,6
11534,6
11535,5
11536,5
11537,1
11538,2
11539,2
11540,0
11541,0
11542,2
11543,6
11544,6
11545,5
11546,2
11547,3
11548,4
11549,0
11550,2
11551,2
11552,0
11553,6
11554,4
11555,5
11556,0
11557,5
11558,5
11559,3
11560,5
11561,4
11562,6
11563,2
11564,2
11565,6
11566,1
11567,1
11568,3
11569,0
11570,6
11571,0
11572,5
11573,5
11574,2
11575,3
11576,0
11577,0
11578,0
11579,0
11580,5
11581,5
11582,6
11583,5
11584,0
11585,0
11586,3
11587,6
11588,5
11589,0
11590,6
11591,3
11592,6
11593,3
11594,0
11595,0
11596,5
11597,0
11598,3
11599,5
11600,4
11601,3
11602,0
11603,3
11604,5
11605,0
11606,3
11607,3
11608,0
11609,1
11610,5
11611,6
11612,3
11613,0
11614,5
11615,0
11616,0
11617,5
11618,5
11619,5
11620,6
11621,2
11622,5
11623,6
11624,5
11625,5
11626,5
11627,6
11628,3
11629,1
11630,5
11631,3
11632,5
11633,5
11634,5
11635,3
11636,3
11637,5
11638,2
11639,0
11640,5
11641,3
11642,1
11643,4
11644,6
11645,5
11646,5
11647,0
11648,5
11649,5
11650,6
11651,4
11652,5
11653,5
11654,5
11655,2
11656,1
11657,5
11658,6
11659,2
11660,5
11661,6
11662,2
11663,6
11664,5
11665,1
11666,2
11667,5
11668,0
11669,1
11670,1
11671,4
11672,5
11673,6
11674,4
11675,5
11676,3
11677,3
11678,3
11679,0
11680,5
11681,1
11682,6
11683,0
11684,2
11685,3
11686,3
11687,3
11688,5
11689,3
11690,6
11691,3
11692,1
11693,4
11694,5
11695,5
11696,6
11697,6
11698,6
11699,1
11700,1
11701,0
11702,2
11703,3
11704,5
11705,0
11706,0
11707,5
11708,0
11709,1
11710,5
11711,1
11712,5
11713,0
11714,5
11715,6
11716,2
11717,1
11718,0
11719,5
11720,3
11721,5
11722,0
11723,5
11724,3
11725,5
11726,5
11727,6
11728,4
11729,5
11730,5
11731,2
11732,3
11733,5
11734,4
11735,5
11736,0
11737,1
11738,5
11739,0
11740,5
11741,0
11742,5
11743,5
11744,4
11745,5
11746,5
11747,0
11748,5
11749,0
11750,6
11751,2
11752,6
11753,3
11754,2
11755,1
11756,5
11757,0
11758,5
11759,5
11760,5
11761,3
11762,0
11763,5
11764,4
11765,6
11766,5
11767,4
11768,1
11769,6
11770,3
11771,4
11772,3
11773,6
11774,0
11775,0
11776,5
11777,5
11778,6
11779,5
11780,3
11781,0
11782,5
11783,0
11784,4
11785,6
11786,3
11787,2
11788,5
11789,5
11790,6
11791,6
11792,5
11793,5
11794,3
11795,6
11796,0
11797,1
11798,3
11799,0
11800,1
11801,2
11802,3
11803,0
11804,6
11805,4
11806,5
11807,2
11808,1
11809,6
11810,2
11811,5
11812,5
11813,3
11814,6
11815,3
11816,1
11817,3
11818,5
11819,5
11820,2
11821,6
11822,4
11823,1
11824,0
11825,5
11826,3
11827,2
11828,5
11829,5
11830,5
11831,2
11832,6
11833,5
11834,6
11835,0
11836,6
11837,6
11838,0
11839,0
11840,5
11841,6
11842,1
11843,0
11844,5
11845,5
11846,5
11847,3
11848,5
11849,6
11850,2
11851,5
11852,5
11853,6
11854,3
11855,3
11856,5
11857,5
11858,5
11859,0
11860,5
11861,6
11862,6
11863,0
11864,5
11865,5
11866,6
11867,6
11868,5
11869,3
11870,4
11871,5
11872,6
11873,3
11874,2
11875,2
11876,0
11877,0
11878,6
11879,0
11880,1
11881,6
11882,5
11883,5
11884,0
11885,5
11886,0
11887,5
11888,3
11889,2
11890,6
11891,5
11892,1
11893,0
11894,5
11895,0
11896,5
11897,5
11898,1
11899,0
11900,5
11901,5
11902,5
11903,3
11904,5
11905,0
11906,5
11907,2
11908,0
11909,0
11910,0
11911,2
11912,5
11913,5
11914,5
11915,5
11916,6
11917,2
11918,5
11919,3
11920,6
11921,5
11922,5
11923,5
11924,6
11925,5
11926,0
11927,1
11928,0
11929,5
11930,5
11931,5
11932,6
11933,5
11934,4
11935,3
11936,5
11937,5
11938,5
11939,5
11940,6
11941,0
11942,6
11943,6
11944,3
11945,5
11946,6
11947,5
11948,6
11949,6
11950,5
11951,0
11952,3
11953,5
11954,0
11955,0
11956,3
11957,6
11958,1
11959,5
11960,0
11961,0
11962,1
11963,1
11964,6
11965,5
11966,1
11967,5
11968,3
11969,3
11970,5
11971,3
11972,5
11973,5
11974,5
11975,5
11976,6
11977,0
11978,2
11979,2
11980,0
11981,0
11982,5
11983,3
11984,6
11985,0
11986,5
11987,3
11988,6
11989,3
11990,6
11991,1
11992,2
11993,4
11994,5
11995,5
11996,0
11997,6
11998,6
11999,5
12000,3
12001,6
12002,1
12003,0
12004,3
12005,0
12006,2
12007,0
12008,3
12009,5
12010,2
12011,2
12012,3
12013,0
12014,6
12015,0
12016,1
12017,5
12018,5
12019,5
12020,5
12021,5
12022,5
12023,3
12024,5
12025,6
12026,6
12027,0
12028,5
12029,6
12030,5
12031,5
12032,1
12033,0
12034,5
12035,5
12036,5
12037,0
12038,1
12039,1
12040,6
12041,5
12042,5
12043,0
12044,2
12045,6
12046,5
12047,0
12048,5
12049,1
12050,5
12051,5
12052,5
12053,5
12054,6
12055,3
12056,0
12057,4
12058,5
12059,5
12060,6
12061,5
12062,5
12063,3
12064,5
12065,3
12066,0
12067,5
12068,5
12069,2
12070,5
12071,5
12072,5
12073,5
12074,0
12075,6
12076,4
12077,0
12078,3
12079,1
12080,0
12081,6
12082,0
12083,0
12084,1
12085,5
12086,6
12087,2
12088,6
12089,5
12090,5
12091,0
12092,5
12093,0
12094,3
12095,6
12096,0
12097,0
12098,1
12099,0
12100,5
12101,5
12102,0
12103,5
12104,4
12105,5
12106,1
12107,5
12108,0
12109,5
12110,5
12111,2
12112,5
12113,6
12114,0
12115,0
12116,5
12117,0
12118,5
12119,3
12120,1
12121,0
12122,5
12123,6
12124,5
12125,0
12126,5
12127,0
12128,2
12129,5
12130,5
12131,1
12132,3
12133,6
12134,6
12135,0
12136,0
12137,5
12138,5
12139,5
12140,1
12141,5
12142,5
12143,3
12144,6
12145,0
12146,5
12147,6
12148,3
12149,0
12150,5
12151,1
12152,5
12153,0
12154,6
12155,4
12156,6
12157,6
12158,5
12159,5
12160,2
12161,6
12162,0
12163,0
12164,3
12165,5
12166,3
12167,3
12168,6
12169,5
12170,5
12171,3
12172,1
12173,0
12174,5
12175,5
12176,5
12177,0
12178,0
12179,1
12180,2
12181,5
12182,5
12183,0
12184,5
12185,4
12186,6
12187,0
12188,0
12189,5
12190,4
12191,3
12192,6
12193,3
12194,0
12195,5
12196,4
12197,6
12198,5
12199,0
12200,5
12201,6
12202,6
12203,5
12204,3
12205,3
12206,0
12207,1
12208,0
12209,6
12210,4
12211,5
12212,5
12213,1
12214,6
12215,0
12216,5
12217,5
12218,1
12219,5
12220,0
12221,1
12222,2
12223,3
12224,0
12225,6
12226,5
12227,3
12228,1
12229,5
12230,1
12231,2
12232,1
12233,2
12234,3
12235,0
12236,5
12237,0
12238,1
12239,1
12240,5
12241,5
12242,5
12243,5
12244,5
12245,0
12246,0
12247,3
12248,5
12249,3
12250,1
12251,0
12252,1
12253,5
12254,6
12255,5
12256,3
12257,0
12258,3
12259,0
12260,6
12261,6
12262,3
12263,3
12264,3
12265,6
12266,5
12267,0
12268,5
12269,1
12270,3
12271,6
12272,5
12273,6
12274,0
12275,0
12276,5
12277,5
12278,4
12279,6
12280,6
12281,5
12282,5
12283,0
12284,3
12285,0
12286,1
12287,6
12288,3
12289,5
12290,5
12291,0
12292,0
12293,5
12294,3
12295,5
12296,5
12297,5
12298,5
12299,3
12300,5
12301,0
12302,4
12303,0
12304,6
12305,1
12306,1
12307,2
12308,5
12309,1
12310,3
12311,5
12312,5
12313,3
12314,6
12315,3
12316,5
12317,5
12318,2
12319,0
12320,3
12321,2
12322,0
12323,5
12324,5
12325,6
12326,0
12327,6
12328,3
12329,5
12330,1
12331,5
12332,5
12333,0
12334,5
12335,2
12336,5
12337,3
12338,5
12339,0
12340,5
12341,5
12342,1
12343,5
12344,0
12345,6
12346,5
12347,5
12348,5
12349,5
12350,4
12351,5
12352,5
12353,6
12354,5
12355,5
12356,0
12357,5
12358,6
12359,6
12360,3
12361,0
12362,3
12363,5
12364,5
12365,5
12366,3
12367,5
12368,5
12369,6
12370,5
12371,4
12372,3
12373,5
12374,5
12375,6
12376,0
12377,0
12378,0
12379,5
12380,6
12381,5
12382,5
12383,6
12384,6
12385,5
12386,6
12387,5
12388,5
12389,3
12390,6
12391,1
12392,5
12393,1
12394,0
12395,1
12396,3
12397,3
12398,5
12399,5
12400,5
12401,4
12402,1
12403,6
12404,5
12405,5
12406,3
12407,5
12408,5
12409,2
12410,5
12411,5
12412,1
12413,5
12414,6
12415,5
12416,2
12417,6
12418,3
12419,5
12420,5
12421,2
12422,3
12423,5
12424,6
12425,0
12426,5
12427,5
12428,5
12429,5
12430,5
12431,0
12432,0
12433,3
12434,5
12435,6
12436,2
12437,0
12438,0
12439,0
12440,1
12441,6
12442,0
12443,0
12444,5
12445,0
12446,5
12447,3
12448,5
12449,5
12450,5
12451,0
12452,5
12453,6
12454,6
12455,5
12456,0
12457,6
12458,3
12459,5
12460,5
12461,3
12462,5
12463,3
12464,6
12465,2
12466,1
12467,2
12468,0
12469,1
12470,2
12471,3
12472,5
12473,6
12474,2
12475,0
12476,5
12477,6
12478,3
12479,0
12480,5
12481,0
12482,5
12483,0
12484,2
12485,2
12486,3
12487,5
12488,3
12489,3
12490,2
12491,3
12492,0
12493,5
12494,5
12495,5
12496,5
12497,5
12498,1
12499,5
12500,5
12501,1
12502,5
12503,6
12504,3
12505,2
12506,5
12507,3
12508,6
12509,5
12510,6
12511,5
12512,5
12513,0
12514,0
12515,5
12516,1
12517,0
12518,5
12519,2
12520,2
12521,5
12522,5
12523,1
12524,5
12525,5
12526,5
12527,5
12528,5
12529,6
12530,1
12531,5
12532,5
12533,0
12534,0
12535,5
12536,4
12537,0
12538,6
12539,4
12540,1
12541,0
12542,1
12543,5
12544,5
12545,1
12546,5
12547,0
12548,5
12549,2
12550,0
12551,5
12552,2
12553,0
12554,0
12555,6
12556,3
12557,0
12558,4
12559,1
12560,0
12561,4
12562,6
12563,0
12564,5
12565,5
12566,5
12567,0
12568,0
12569,5
12570,6
12571,1
12572,6
12573,3
12574,5
12575,2
12576,0
12577,6
12578,1
12579,6
12580,4
12581,5
12582,1
12583,5
12584,5
12585,5
12586,2
12587,0
12588,2
12589,3
12590,2
12591,6
12592,1
12593,5
12594,5
12595,2
12596,0
12597,5
12598,5
12599,4
12600,6
12601,0
12602,6
12603,1
12604,5
12605,5
12606,3
12607,0
12608,0
12609,1
12610,5
12611,6
12612,5
12613,0
12614,6
12615,6
12616,2
12617,6
12618,0
12619,3
12620,6
12621,6
12622,6
12623,4
12624,5
12625,2
12626,3
12627,0
12628,1
12629,5
12630,1
12631,2
12632,6
12633,0
12634,2
12635,5
12636,0
12637,5
12638,5
12639,5
12640,3
12641,5
12642,6
12643,5
12644,0
12645,2
12646,5
12647,5
12648,3
12649,3
12650,5
12651,5
12652,5
12653,3
12654,1
12655,5
12656,0
12657,0
12658,5
12659,5
12660,0
12661,0
12662,2
12663,5
12664,6
12665,1
12666,1
12667,6
12668,6
12669,5
12670,3
12671,5
12672,1
12673,2
12674,1
12675,5
12676,6
12677,5
12678,5
12679,5
12680,3
12681,6
12682,0
12683,6
12684,0
12685,2
12686,0
12687,6
12688,5
12689,0
12690,5
12691,1
12692,5
12693,4
12694,0
12695,0
12696,6
12697,5
12698,5
12699,6
12700,4
12701,6
12702,5
12703,5
12704,2
12705,6
12706,5
12707,5
12708,2
12709,0
12710,5
12711,3
12712,4
12713,2
12714,5
12715,2
12716,0
12717,4
12718,2
12719,2
12720,4
12721,5
12722,3
12723,3
12724,0
12725,0
12726,3
12727,3
12728,1
12729,3
12730,0
12731,5
12732,5
12733,3
12734,5
12735,2
12736,1
12737,3
12738,5
12739,5
12740,3
12741,2
12742,6
12743,5
12744,5
12745,3
12746,0
12747,5
12748,1
12749,3
12750,0
12751,0
12752,0
12753,0
12754,2
12755,1
12756,0
12757,6
12758,6
12759,6
12760,6
12761,5
12762,5
12763,5
12764,5
12765,3
12766,1
12767,5
12768,5
12769,5
12770,3
12771,5
12772,3
12773,5
12774,3
12775,6
12776,0
12777,0
12778,2
12779,0
12780,0
12781,5
12782,6
12783,5
12784,6
12785,5
12786,5
12787,3
12788,3
12789,6
12790,6
12791,0
12792,5
12793,5
12794,2
12795,4
12796,3
12797,5
12798,6
12799,4
12800,1
12801,4
12802,6
12803,5
12804,5
12805,0
12806,0
12807,4
12808,5
12809,1
12810,6
12811,6
12812,2
12813,5
12814,6
12815,0
12816,1
12817,0
12818,5
12819,5
12820,5
12821,6
12822,0
12823,5
12824,2
12825,1
12826,1
12827,1
12828,6
12829,1
12830,0
12831,6
12832,6
12833,5
12834,6
12835,5
12836,5
12837,3
12838,5
12839,6
12840,0
12841,0
12842,3
12843,6
12844,1
12845,0
12846,5
12847,6
12848,5
12849,0
12850,0
12851,5
12852,0
12853,5
12854,4
12855,5
12856,0
12857,1
12858,5
12859,1
12860,5
12861,5
12862,1
12863,6
12864,5
12865,5
12866,5
12867,5
12868,5
12869,2
12870,5
12871,5
12872,5
12873,6
12874,0
12875,5
12876,5
12877,5
12878,4
12879,5
12880,5
12881,5
12882,0
12883,3
12884,5
12885,1
12886,1
12887,1
12888,2
12889,0
12890,0
12891,3
12892,0
12893,0
12894,6
12895,4
12896,3
12897,1
12898,5
12899,0
12900,5
12901,0
12902,1
12903,3
12904,6
12905,0
12906,6
12907,1
12908,0
12909,5
12910,3
12911,6
12912,3
12913,3
12914,5
12915,5
12916,5
12917,3
12918,0
12919,3
12920,3
12921,3
12922,3
12923,6
12924,5
12925,0
12926,4
12927,2
12928,0
12929,4
12930,5
12931,5
12932,6
12933,5
12934,4
12935,4
12936,5
12937,4
12938,6
12939,3
12940,3
12941,3
12942,6
12943,0
12944,0
12945,6
12946,5
12947,0
12948,5
12949,5
12950,5
12951,5
12952,5
12953,6
12954,0
12955,0
12956,3
12957,0
12958,1
12959,5
12960,0
12961,2
12962,3
12963,5
12964,0
12965,6
12966,1
12967,5
12968,5
12969,1
12970,1
12971,0
12972,5
12973,4
12974,1
12975,1
12976,0
12977,6
12978,3
12979,5
12980,5
12981,5
12982,2
12983,0
12984,1
12985,3
12986,0
12987,5
12988,3
12989,0
12990,0
12991,1
12992,0
12993,5
12994,0
12995,5
12996,5
12997,6
12998,5
12999,1
13000,5
13001,5
13002,1
13003,5
13004,5
13005,6
13006,5
13007,2
13008,0
13009,3
13010,6
13011,5
13012,6
13013,6
13014,6
13015,4
13016,2
13017,0
13018,3
13019,5
13020,3
13021,1
13022,0
13023,0
13024,5
13025,5
13026,5
13027,6
13028,5
13029,2
13030,5
13031,5
13032,6
13033,6
13034,6
13035,0
13036,5
13037,5
13038,5
13039,5
13040,0
13041,0
13042,6
13043,5
13044,6
13045,3
13046,3
13047,5
13048,6
13049,1
13050,3
13051,3
13052,5
13053,5
13054,2
13055,6
13056,3
13057,4
13058,3
13059,5
13060,6
13061,6
13062,0
13063,3
13064,6
13065,5
13066,0
13067,2
13068,2
13069,5
13070,1
13071,5
13072,5
13073,3
13074,0
13075,3
13076,5
13077,5
13078,4
13079,5
13080,1
13081,3
13082,3
13083,0
13084,5
13085,2
13086,5
13087,6
13088,5
13089,5
13090,0
13091,6
13092,0
13093,5
13094,6
13095,0
13096,6
13097,5
13098,3
13099,4
13100,5
13101,6
13102,5
13103,1
13104,5
13105,0
13106,3
13107,1
13108,6
13109,0
13110,5
13111,6
13112,5
13113,0
13114,1
13115,6
13116,1
13117,3
13118,1
13119,0
13120,5
13121,5
13122,5
13123,0
13124,4
13125,0
13126,6
13127,0
13128,5
13129,5
13130,0
13131,0
13132,4
13133,3
13134,5
13135,5
13136,6
13137,5
13138,0
13139,0
13140,5
13141,5
13142,2
13143,6
13144,1
13145,6
13146,0
13147,2
13148,5
13149,2
13150,2
13151,4
13152,3
13153,0
13154,5
13155,5
13156,0
13157,4
13158,0
13159,5
13160,5
13161,3
13162,3
13163,0
13164,2
13165,4
13166,6
13167,5
13168,5
13169,4
13170,2
13171,1
13172,6
13173,0
13174,1
13175,5
13176,3
13177,5
13178,0
13179,2
13180,5
13181,4
13182,4
13183,5
13184,6
13185,2
13186,1
13187,5
13188,0
13189,6
13190,6
13191,6
13192,5
13193,0
13194,6
13195,5
13196,0
13197,5
13198,5
13199,5
13200,4
13201,0
13202,6
13203,1
13204,1
13205,0
13206,3
13207,0
13208,1
13209,0
13210,3
13211,5
13212,6
13213,6
13214,6
13215,2
13216,6
13217,2
13218,6
13219,5
13220,6
13221,5
13222,3
13223,5
13224,6
13225,3
13226,5
13227,0
13228,0
13229,1
13230,3
13231,3
13232,0
13233,1
13234,5
13235,0
13236,1
13237,4
13238,6
13239,3
13240,2
13241,6
13242,3
13243,3
13244,5
13245,6
13246,5
13247,5
13248,5
13249,1
13250,1
13251,0
13252,6
13253,0
13254,5
13255,5
13256,2
13257,0
13258,5
13259,0
13260,0
13261,6
13262,3
13263,3
13264,2
13265,2
13266,5
13267,5
13268,2
13269,3
13270,0
13271,3
13272,5
13273,4
13274,5
13275,5
13276,4
13277,0
13278,6
13279,0
13280,2
13281,1
13282,6
13283,1
13284,5
13285,6
13286,0
13287,6
13288,1
13289,5
13290,3
13291,3
13292,0
13293,3
13294,5
13295,5
13296,1
13297,5
13298,1
13299,5
13300,1
13301,5
13302,0
13303,6
13304,6
13305,6
13306,1
13307,0
13308,0
13309,5
13310,4
13311,5
13312,5
13313,6
13314,6
13315,1
13316,0
13317,5
13318,5
13319,1
13320,5
13321,1
13322,3
13323,3
13324,4
13325,5
13326,5
13327,6
13328,6
13329,0
13330,1
13331,1
13332,1
13333,5
13334,1
13335,1
13336,1
13337,0
13338,4
13339,4
13340,3
13341,5
13342,1
13343,4
13344,5
13345,5
13346,0
13347,0
13348,5
13349,5
13350,6
13351,0
13352,0
13353,5
13354,2
13355,6
13356,1
13357,5
13358,5
13359,2
13360,3
13361,5
13362,0
13363,1
13364,6
13365,3
13366,5
13367,1
13368,6
13369,0
13370,5
13371,6
13372,3
13373,2
13374,3
13375,5
13376,5
13377,6
13378,0
13379,5
13380,5
13381,3
13382,2
13383,0
13384,3
13385,0
13386,0
13387,5
13388,3
13389,5
13390,3
13391,1
13392,5
13393,2
13394,6
13395,5
13396,0
13397,2
13398,6
13399,5
13400,2
13401,5
13402,1
13403,6
13404,0
13405,0
13406,3
13407,1
13408,5
13409,5
13410,5
13411,0
13412,2
13413,5
13414,5
13415,3
13416,2
13417,5
13418,5
13419,6
13420,3
13421,5
13422,0
13423,5
13424,0
13425,0
13426,5
13427,2
13428,5
13429,3
13430,3
13431,0
13432,0
13433,3
13434,5
13435,0
13436,0
13437,3
13438,6
13439,3
13440,5
13441,5
13442,3
13443,5
13444,6
13445,5
13446,0
13447,3
13448,0
13449,1
13450,5
13451,5
13452,5
13453,3
13454,0
13455,5
13456,5
13457,6
13458,6
13459,0
13460,5
13461,6
13462,0
13463,0
13464,5
13465,5
13466,5
13467,5
13468,5
13469,5
13470,1
13471,6
13472,5
13473,0
13474,0
13475,0
13476,6
13477,3
13478,3
13479,3
13480,0
13481,6
13482,0
13483,0
13484,1
13485,2
13486,5
13487,2
13488,1
13489,5
13490,3
13491,0
13492,0
13493,3
13494,5
13495,4
13496,6
13497,5
13498,2
13499,5
13500,5
13501,6
13502,5
13503,3
13504,5
13505,3
13506,2
13507,5
13508,3
13509,3
13510,4
13511,0
13512,5
13513,5
13514,5
13515,5
13516,5
13517,0
13518,5
13519,3
13520,5
13521,6
13522,5
13523,1
13524,5
13525,5
13526,5
13527,5
13528,5
13529,5
13530,5
13531,5
13532,1
13533,5
13534,0
13535,5
13536,5
13537,6
13538,6
13539,0
13540,6
13541,5
13542,4
13543,3
13544,0
13545,1
13546,5
13547,5
13548,5
13549,3
13550,6
13551,5
13552,6
13553,2
13554,6
13555,6
13556,2
13557,0
13558,4
13559,0
13560,0
13561,1
13562,5
13563,0
13564,0
13565,1
13566,1
13567,1
13568,1
13569,5
13570,0
13571,5
13572,5
13573,5
13574,2
13575,3
13576,5
13577,5
13578,5
13579,5
13580,0
13581,5
13582,5
13583,5
13584,3
13585,0
13586,0
13587,2
13588,5
13589,0
13590,0
13591,0
13592,6
13593,2
13594,2
13595,0
13596,5
13597,0
13598,0
13599,3
13600,5
13601,1
13602,0
13603,5
13604,1
13605,4
13606,0
13607,0
13608,5
13609,5
13610,3
13611,0
13612,0
13613,6
13614,5
13615,6
13616,5
13617,5
13618,5
13619,2
13620,5
13621,6
13622,5
13623,3
13624,2
13625,5
13626,5
13627,0
13628,0
13629,3
13630,5
13631,0
13632,6
13633,5
13634,0
13635,6
13636,1
13637,3
13638,5
13639,0
13640,1
13641,0
13642,0
13643,2
13644,5
13645,6
13646,3
13647,5
13648,5
13649,0
13650,0
13651,6
13652,0
13653,0
13654,6
13655,4
13656,0
13657,6
13658,5
13659,1
13660,6
13661,6
13662,0
13663,0
13664,5
13665,3
13666,3
13667,0
13668,6
13669,5
13670,5
13671,3
13672,2
13673,3
13674,2
13675,0
13676,2
13677,6
13678,6
13679,1
13680,2
13681,6
13682,5
13683,5
13684,0
13685,3
13686,0
13687,6
13688,3
13689,5
13690,5
13691,5
13692,0
13693,0
13694,5
13695,2
13696,6
13697,0
13698,3
13699,5
13700,0
13701,5
13702,3
13703,3
13704,2
13705,2
13706,6
13707,5
13708,0
13709,4
13710,5
13711,4
13712,1
13713,5
13714,5
13715,5
13716,0
13717,6
13718,0
13719,1
13720,5
13721,2
13722,0
13723,2
13724,5
13725,5
13726,3
13727,6
13728,5
13729,0
13730,0
13731,3
13732,6
13733,0
13734,6
13735,5
13736,4
13737,5
13738,0
13739,2
13740,0
13741,3
13742,3
13743,5
13744,3
13745,3
13746,0
13747,6
13748,6
13749,5
13750,4
13751,5
13752,5
13753,6
13754,5
13755,5
13756,3
13757,5
13758,5
13759,2
13760,2
13761,5
13762,6
13763,0
13764,5
13765,5
13766,3
13767,0
13768,1
13769,5
13770,5
13771,5
13772,5
13773,2
13774,6
13775,6
13776,5
13777,0
13778,6
13779,6
13780,5
13781,5
13782,1
13783,0
13784,3
13785,2
13786,6
13787,0
13788,5
13789,2
13790,5
13791,6
13792,6
13793,6
13794,0
13795,5
13796,2
13797,1
13798,3
13799,5
13800,5
13801,2
13802,0
13803,0
13804,3
13805,6
13806,0
13807,2
13808,5
13809,6
13810,0
13811,5
13812,2
13813,1
13814,0
13815,5
13816,5
13817,0
13818,6
13819,2
13820,2
13821,5
13822,5
13823,5
13824,5
13825,5
13826,5
13827,3
13828,1
13829,0
13830,6
13831,0
13832,5
13833,1
13834,5
13835,5
13836,5
13837,2
13838,1
13839,5
13840,5
13841,3
13842,6
13843,1
13844,2
13845,6
13846,6
13847,6
13848,6
13849,6
13850,5
13851,3
13852,6
13853,1
13854,5
13855,5
13856,0
13857,5
13858,3
13859,5
13860,5
13861,0
13862,6
13863,6
13864,4
13865,5
13866,3
13867,5
13868,3
13869,3
13870,5
13871,5
13872,1
13873,0
13874,1
13875,1
13876,0
13877,6
13878,6
13879,5
13880,6
13881,0
13882,5
13883,0
13884,6
13885,3
13886,5
13887,3
13888,3
13889,6
13890,0
13891,6
13892,6
13893,3
13894,6
13895,0
13896,5
13897,1
13898,1
13899,6
13900,5
13901,0
13902,2
13903,6
13904,6
13905,0
13906,1
13907,0
13908,4
13909,0
13910,5
13911,5
13912,5
13913,0
13914,5
13915,0
13916,0
13917,4
13918,0
13919,6
13920,0
13921,3
13922,1
13923,5
13924,6
13925,5
13926,0
13927,5
13928,5
13929,1
13930,2
13931,0
13932,3
13933,0
13934,2
13935,5
13936,0
13937,6
13938,3
13939,2
13940,0
13941,5
13942,1
13943,0
13944,5
13945,0
13946,3
13947,5
13948,1
13949,0
13950,5
13951,5
13952,6
13953,6
13954,1
13955,1
13956,5
13957,5
13958,0
13959,1
13960,2
13961,3
13962,6
13963,1
13964,6
13965,4
13966,3
13967,0
13968,1
13969,0
13970,6
13971,5
13972,5
13973,0
13974,5
13975,3
13976,0
13977,5
13978,0
13979,2
13980,6
13981,5
13982,2
13983,2
13984,2
13985,5
13986,5
13987,0
13988,3
13989,5
13990,3
13991,0
13992,3
13993,5
13994,6
13995,5
13996,6
13997,5
13998,5
13999,0
14000,3
14001,4
14002,6
14003,6
14004,1
14005,5
14006,3
14007,2
14008,6
14009,0
14010,5
14011,0
14012,4
14013,0
14014,0
14015,2
14016,0
14017,5
14018,6
14019,5
14020,5
14021,5
14022,2
14023,5
14024,5
14025,6
14026,0
14027,4
14028,0
14029,6
14030,6
14031,5
14032,3
14033,2
14034,3
14035,5
14036,4
14037,0
14038,5
14039,0
14040,5
14041,6
14042,5
14043,5
14044,0
14045,1
14046,0
14047,5
14048,0
14049,5
14050,0
14051,5
14052,5
14053,2
14054,0
14055,6
14056,0
14057,1
14058,0
14059,1
14060,3
14061,3
14062,0
14063,5
14064,3
14065,0
14066,5
14067,5
14068,0
14069,1
14070,5
14071,3
14072,5
14073,4
14074,5
14075,5
14076,3
14077,1
14078,0
14079,0
14080,4
14081,0
14082,0
14083,6
14084,2
14085,5
14086,5
14087,0
14088,5
14089,6
14090,0
14091,3
14092,5
14093,2
14094,5
14095,5
14096,5
14097,5
14098,5
14099,3
14100,5
14101,5
14102,2
14103,3
14104,1
14105,0
14106,0
14107,5
14108,0
14109,2
14110,4
14111,0
14112,4
14113,1
14114,5
14115,5
14116,5
14117,5
14118,6
14119,5
14120,0
14121,2
14122,0
14123,0
14124,0
14125,6
14126,0
14127,3
14128,4
14129,5
14130,5
14131,6
14132,5
14133,0
14134,1
14135,3
14136,3
14137,6
14138,1
14139,2
14140,0
14141,5
14142,5
14143,1
14144,0
14145,4
14146,5
14147,1
14148,5
14149,0
14150,1
14151,2
14152,2
14153,5
14154,6
14155,5
14156,0
14157,5
14158,0
14159,0
14160,5
14161,3
14162,5
14163,2
14164,5
14165,1
14166,5
14167,0
14168,6
14169,5
14170,6
14171,0
14172,3
14173,5
14174,2
14175,3
14176,0
14177,1
14178,6
14179,3
14180,5
14181,0
14182,5
14183,1
14184,2
14185,0
14186,5
14187,5
14188,2
14189,0
14190,5
14191,6
14192,5
14193,5
14194,5
14195,1
14196,5
14197,5
14198,6
14199,1
14200,5
14201,2
14202,4
14203,3
14204,0
14205,5
14206,6
14207,5
14208,2
14209,0
14210,2
14211,6
14212,4
14213,0
14214,5
14215,3
14216,5
14217,0
14218,0
14219,0
14220,5
14221,6
14222,4
14223,4
14224,1
14225,1
14226,0
14227,0
14228,3
14229,2
14230,3
14231,3
14232,5
14233,6
14234,2
14235,5
14236,5
14237,3
14238,0
14239,4
14240,5
14241,3
14242,5
14243,6
14244,6
14245,5
14246,0
14247,6
14248,5
14249,5
14250,5
14251,3
14252,3
14253,3
14254,0
14255,5
14256,0
14257,1
14258,2
14259,5
14260,5
14261,5
14262,1
14263,4
14264,6
14265,4
14266,0
14267,5
14268,3
14269,6
14270,5
14271,6
14272,0
14273,0
14274,5
14275,5
14276,0
14277,5
14278,6
14279,5
14280,5
14281,1
14282,5
14283,6
14284,4
14285,0
14286,6
14287,5
14288,2
14289,3
14290,5
14291,5
14292,3
14293,5
14294,5
14295,0
14296,1
14297,0
14298,5
14299,5
14300,5
14301,6
14302,0
14303,3
14304,2
14305,4
14306,6
14307,5
14308,5
14309,3
14310,5
14311,5
14312,5
14313,5
14314,5
14315,6
14316,2
14317,2
14318,2
14319,2
14320,5
14321,4
14322,5
14323,5
14324,0
14325,6
14326,5
14327,5
14328,0
14329,5
14330,6
14331,1
14332,6
14333,5
14334,3
14335,3
14336,5
14337,2
14338,0
14339,6
14340,6
14341,0
14342,5
14343,0
14344,5
14345,6
14346,0
14347,3
14348,1
14349,2
14350,2
14351,2
14352,6
14353,0
14354,2
14355,5
14356,6
14357,5
14358,4
14359,5
14360,3
14361,3
14362,1
14363,2
14364,5
14365,5
14366,5
14367,3
14368,5
14369,6
14370,0
14371,6
14372,1
14373,4
14374,5
14375,3
14376,6
14377,5
14378,0
14379,0
14380,0
14381,5
14382,5
14383,3
14384,5
14385,5
14386,5
14387,3
14388,5
14389,5
14390,5
14391,0
14392,6
14393,0
14394,2
14395,5
14396,5
14397,3
14398,2
14399,3
14400,1
14401,6
14402,0
14403,6
14404,5
14405,5
14406,5
14407,0
14408,5
14409,1
14410,0
14411,0
14412,1
14413,0
14414,3
14415,3
14416,4
14417,2
14418,1
14419,6
14420,2
14421,5
14422,0
14423,5
14424,3
14425,5
14426,2
14427,5
14428,5
14429,6
14430,1
14431,3
14432,6
14433,5
14434,6
14435,5
14436,0
14437,0
14438,6
14439,0
14440,1
14441,5
14442,5
14443,5
14444,5
14445,5
14446,4
14447,6
14448,0
14449,6
14450,2
14451,0
14452,6
14453,0
14454,5
14455,3
14456,5
14457,5
14458,5
14459,3
14460,1
14461,3
14462,0
14463,5
14464,6
14465,5
14466,6
14467,6
14468,5
14469,5
14470,5
14471,5
14472,6
14473,5
14474,5
14475,2
14476,0
14477,1
14478,0
14479,0
14480,0
14481,0
14482,5
14483,6
14484,5
14485,6
14486,1
14487,0
14488,5
14489,3
14490,6
14491,1
14492,2
14493,0
14494,5
14495,6
14496,6
14497,3
14498,2
14499,6
14500,5
14501,3
14502,5
14503,4
14504,1
14505,0
14506,5
14507,1
14508,5
14509,0
14510,4
14511,5
14512,0
14513,5
14514,5
14515,3
14516,6
14517,5
14518,0
14519,5
14520,3
14521,6
14522,6
14523,6
14524,0
14525,6
14526,5
14527,4
14528,0
14529,5
14530,6
14531,0
14532,0
14533,5
14534,6
14535,0
14536,1
14537,6
14538,6
14539,2
14540,3
14541,6
14542,5
14543,5
14544,6
14545,4
14546,1
14547,0
14548,2
14549,5
14550,0
14551,5
14552,3
14553,5
14554,5
14555,4
14556,3
14557,5
14558,6
14559,6
14560,3
14561,6
14562,5
14563,6
14564,0
14565,2
14566,5
14567,1
14568,5
14569,6
14570,5
14571,0
14572,0
14573,0
14574,3
14575,0
14576,3
14577,5
14578,0
14579,3
14580,2
14581,6
14582,6
14583,1
14584,3
14585,5
14586,5
14587,5
14588,3
14589,6
14590,3
14591,1
14592,6
14593,5
14594,6
14595,6
14596,0
14597,5
14598,1
14599,0
14600,0
14601,2
14602,6
14603,2
14604,5
14605,3
14606,3
14607,5
14608,5
14609,3
14610,4
14611,2
14612,6
14613,5
14614,5
14615,6
14616,4
14617,0
14618,0
14619,3
14620,5
14621,6
14622,0
14623,3
14624,3
14625,0
14626,0
14627,5
14628,4
14629,2
14630,5
14631,5
14632,3
14633,0
14634,6
14635,5
14636,1
14637,5
14638,3
14639,5
14640,6
14641,3
14642,6
14643,6
14644,0
14645,5
14646,6
14647,4
14648,0
14649,5
14650,0
14651,3
14652,0
14653,3
14654,5
14655,1
14656,2
14657,0
14658,5
14659,5
14660,2
14661,6
14662,5
14663,4
14664,0
14665,4
14666,3
14667,1
14668,6
14669,0
14670,6
14671,0
14672,2
14673,4
14674,5
14675,2
14676,0
14677,3
14678,0
14679,2
14680,2
14681,5
14682,5
14683,5
14684,5
14685,5
14686,0
14687,6
14688,0
14689,5
14690,5
14691,1
14692,3
14693,5
14694,6
14695,6
14696,0
14697,0
14698,0
14699,2
14700,0
14701,4
14702,5
14703,6
14704,6
14705,0
14706,6
14707,5
14708,5
14709,2
14710,2
14711,0
14712,3
14713,0
14714,3
14715,5
14716,0
14717,5
14718,2
14719,5
14720,5
14721,3
14722,3
14723,6
14724,5
14725,5
14726,5
14727,5
14728,6
14729,5
14730,0
14731,0
14732,0
14733,6
14734,2
14735,0
14736,1
14737,4
14738,5
14739,0
14740,3
14741,0
14742,6
14743,0
14744,6
14745,3
14746,5
14747,6
14748,6
14749,0
14750,6
14751,5
14752,1
14753,6
14754,3
14755,0
14756,2
14757,5
14758,5
14759,3
14760,0
14761,6
14762,1
14763,0
14764,1
14765,5
14766,1
14767,0
14768,6
14769,3
14770,0
14771,3
14772,0
14773,5
14774,0
14775,4
14776,5
14777,6
14778,6
14779,5
14780,5
14781,5
14782,2
14783,2
14784,5
14785,3
14786,5
14787,6
14788,0
14789,1
14790,5
14791,5
14792,0
14793,6
14794,1
14795,3
14796,1
14797,3
14798,5
14799,0
14800,0
14801,3
14802,4
14803,3
14804,6
14805,4
14806,0
14807,1
14808,0
14809,2
14810,5
14811,4
14812,2
14813,2
14814,4
14815,5
14816,1
14817,3
14818,1
14819,4
14820,1
14821,6
14822,1
14823,5
14824,5
14825,5
14826,0
14827,5
14828,0
14829,3
14830,6
14831,3
14832,0
14833,6
14834,0
14835,0
14836,2
14837,4
14838,6
14839,2
14840,6
14841,2
14842,5
14843,6
14844,0
14845,3
14846,4
14847,2
14848,1
14849,1
14850,0
14851,5
14852,6
14853,5
14854,0
14855,0
14856,5
14857,3
14858,5
14859,3
14860,2
14861,6
14862,5
14863,5
14864,3
14865,0
14866,6
14867,2
14868,5
14869,1
14870,3
14871,5
14872,3
14873,0
14874,0
14875,0
14876,2
14877,5
14878,6
14879,5
14880,5
14881,0
14882,0
14883,5
14884,6
14885,6
14886,1
14887,2
14888,0
14889,6
14890,5
14891,2
14892,5
14893,0
14894,0
14895,2
14896,0
14897,6
14898,2
14899,5
14900,6
14901,3
14902,0
14903,5
14904,3
14905,5
14906,5
14907,5
14908,6
14909,1
14910,6
14911,5
14912,1
14913,3
14914,5
14915,0
14916,6
14917,2
14918,5
14919,5
14920,5
14921,0
14922,0
14923,5
14924,4
14925,3
14926,4
14927,0
14928,2
14929,3
14930,6
14931,6
14932,0
14933,5
14934,2
14935,2
14936,0
14937,6
14938,6
14939,2
14940,5
14941,5
14942,6
14943,1
14944,5
14945,0
14946,3
14947,2
14948,5
14949,3
14950,0
14951,0
14952,5
14953,0
14954,6
14955,5
14956,1
14957,5
14958,0
14959,4
14960,6
14961,5
14962,5
14963,3
14964,5
14965,4
14966,5
14967,2
14968,6
14969,2
14970,5
14971,3
14972,4
14973,3
14974,5
14975,6
14976,1
14977,5
14978,5
14979,1
14980,1
14981,5
14982,5
14983,5
14984,0
14985,6
14986,6
14987,5
14988,6
14989,5
14990,6
14991,1
14992,0
14993,0
14994,5
14995,0
14996,4
14997,1
14998,5
14999,3
15000,5
15001,6
15002,3
15003,5
15004,6
15005,5
15006,5
15007,6
15008,0
15009,0
15010,2
15011,5
15012,5
15013,3
15014,5
15015,6
15016,0
15017,5
15018,5
15019,6
15020,0
15021,5
15022,0
15023,5
15024,5
15025,1
15026,5
15027,6
15028,5
15029,0
15030,0
15031,0
15032,5
15033,2
15034,0
15035,6
15036,0
15037,4
15038,3
15039,0
15040,1
15041,5
15042,3
15043,5
15044,5
15045,5
15046,0
15047,5
15048,5
15049,0
15050,0
15051,5
15052,4
15053,3
15054,0
15055,6
15056,0
15057,4
15058,3
15059,2
15060,2
15061,5
15062,0
15063,6
15064,5
15065,0
15066,5
15067,4
15068,2
15069,6
15070,2
15071,0
15072,5
15073,6
15074,5
15075,1
15076,6
15077,2
15078,6
15079,2
15080,0
15081,3
15082,6
15083,1
15084,5
15085,2
15086,5
15087,0
15088,5
15089,5
15090,3
15091,4
15092,5
15093,0
15094,5
15095,5
15096,0
15097,5
15098,5
15099,5
15100,0
15101,2
15102,2
15103,0
15104,0
15105,3
15106,5
15107,5
15108,6
15109,5
15110,5
15111,1
15112,0
15113,3
15114,0
15115,5
15116,0
15117,5
15118,0
15119,0
15120,3
15121,0
15122,0
15123,5
15124,3
15125,2
15126,6
15127,5
15128,5
15129,6
15130,6
15131,0
15132,0
15133,5
15134,1
15135,5
15136,0
15137,6
15138,6
15139,5
15140,0
15141,1
15142,5
15143,4
15144,0
15145,5
15146,5
15147,0
15148,1
15149,3
15150,3
15151,4
15152,1
15153,5
15154,5
15155,5
15156,5
15157,0
15158,5
15159,3
15160,0
15161,0
15162,3
15163,6
15164,2
15165,1
15166,5
15167,5
15168,0
15169,3
15170,5
15171,0
15172,6
15173,5
15174,5
15175,3
15176,5
15177,0
15178,6
15179,6
15180,5
15181,3
15182,5
15183,5
15184,3
15185,5
15186,3
15187,6
15188,0
15189,3
15190,0
15191,1
15192,1
15193,0
15194,3
15195,5
15196,4
15197,6
15198,5
15199,6
15200,5
15201,6
15202,6
15203,6
15204,5
15205,6
15206,5
15207,5
15208,0
15209,0
15210,5
15211,0
15212,5
15213,5
15214,5
15215,4
15216,0
15217,0
15218,0
15219,3
15220,3
15221,5
15222,0
15223,0
15224,0
15225,6
15226,5
15227,6
15228,6
15229,0
15230,0
15231,5
15232,0
15233,0
15234,3
15235,0
15236,5
15237,2
15238,3
15239,0
15240,4
15241,6
15242,4
15243,5
15244,6
15245,5
15246,5
15247,5
15248,1
15249,5
15250,5
15251,6
15252,1
15253,0
15254,6
15255,2
15256,6
15257,6
15258,3
15259,4
15260,0
15261,4
15262,6
15263,0
15264,5
15265,0
15266,3
15267,5
15268,6
15269,5
15270,5
15271,6
15272,2
15273,0
15274,5
15275,6
15276,5
15277,5
15278,1
15279,1
15280,2
15281,0
15282,6
15283,6
15284,0
15285,0
15286,1
15287,5
15288,3
15289,5
15290,5
15291,5
15292,2
15293,5
15294,3
15295,4
15296,5
15297,6
15298,0
15299,5
15300,0
15301,5
15302,3
15303,5
15304,5
15305,5
15306,3
15307,5
15308,5
15309,5
15310,2
15311,3
15312,6
15313,4
15314,0
15315,5
15316,6
15317,3
15318,2
15319,5
15320,5
15321,3
15322,6
15323,3
15324,6
15325,2
15326,1
15327,3
15328,1
15329,1
15330,0
15331,5
15332,5
15333,6
15334,5
15335,5
15336,4
15337,0
15338,5
15339,1
15340,5
15341,5
15342,0
15343,5
15344,5
15345,5
15346,5
15347,5
15348,2
15349,3
15350,5
15351,5
15352,1
15353,4
15354,0
15355,6
15356,6
15357,3
15358,3
15359,5
15360,4
15361,5
15362,2
15363,5
15364,5
15365,5
15366,3
15367,6
15368,6
15369,0
15370,3
15371,6
15372,6
15373,3
15374,0
15375,5
15376,5
15377,6
15378,5
15379,5
15380,1
15381,0
15382,6
15383,2
15384,0
15385,4
15386,6
15387,0
15388,0
15389,0
15390,5
15391,6
15392,0
15393,5
15394,3
15395,5
15396,5
15397,6
15398,5
15399,6
15400,4
15401,4
15402,1
15403,5
15404,0
15405,5
15406,5
15407,3
15408,2
15409,0
15410,5
15411,3
15412,6
15413,6
15414,0
15415,5
15416,3
15417,0
15418,3
15419,0
15420,0
15421,5
15422,6
15423,0
15424,5
15425,0
15426,2
15427,6
15428,6
15429,0
15430,4
15431,5
15432,5
15433,5
15434,5
15435,1
15436,5
15437,5
15438,6
15439,1
15440,4
15441,6
15442,5
15443,3
15444,5
15445,5
15446,3
15447,0
15448,5
15449,5
15450,1
15451,0
15452,5
15453,1
15454,0
15455,5
15456,5
15457,0
15458,2
15459,3
15460,3
15461,6
15462,4
15463,5
15464,0
15465,3
15466,6
15467,6
15468,6
15469,3
15470,6
15471,0
15472,3
15473,1
15474,5
15475,0
15476,0
15477,5
15478,0
15479,0
15480,2
15481,3
15482,5
15483,5
15484,5
15485,3
15486,1
15487,0
15488,0
15489,0
15490,3
15491,6
15492,2
15493,4
15494,3
15495,5
15496,6
15497,6
15498,2
15499,0
15500,2
15501,5
15502,2
15503,0
15504,0
15505,6
15506,0
15507,5
15508,5
15509,3
15510,6
15511,6
15512,6
15513,3
15514,6
15515,4
15516,6
15517,3
15518,3
15519,5
15520,5
15521,5
15522,0
15523,6
15524,5
15525,6
15526,2
15527,6
15528,6
15529,0
15530,5
15531,5
15532,6
15533,0
15534,0
15535,2
15536,5
15537,6
15538,0
15539,6
15540,5
15541,3
15542,3
15543,4
15544,5
15545,6
15546,6
15547,4
15548,1
15549,4
15550,5
15551,5
15552,6
15553,5
15554,5
15555,6
15556,5
15557,6
15558,0
15559,0
15560,5
15561,3
15562,5
15563,5
15564,5
15565,5
15566,3
15567,5
15568,4
15569,1
15570,1
15571,5
15572,6
15573,5
15574,6
15575,5
15576,5
15577,0
15578,0
15579,1
15580,6
15581,3
15582,5
15583,0
15584,5
15585,0
15586,5
15587,4
15588,5
15589,6
15590,6
15591,3
15592,5
15593,1
15594,2
15595,0
15596,0
15597,5
15598,5
15599,5
15600,1
15601,5
15602,1
15603,6
15604,0
15605,5
15606,5
15607,3
15608,5
15609,0
15610,3
15611,5
15612,5
15613,5
15614,2
15615,0
15616,4
15617,6
15618,0
15619,0
15620,0
15621,5
15622,5
15623,5
15624,0
15625,0
15626,5
15627,3
15628,6
15629,6
15630,0
15631,1
15632,2
15633,2
15634,5
15635,0
15636,1
15637,3
15638,3
15639,0
15640,6
15641,3
15642,0
15643,6
15644,5
15645,5
15646,4
15647,6
15648,5
15649,6
15650,6
15651,5
15652,6
15653,3
15654,5
15655,5
15656,5
15657,5
15658,0
15659,2
15660,5
15661,2
15662,2
15663,0
15664,0
15665,2
15666,2
15667,3
15668,0
15669,3
15670,0
15671,1
15672,5
15673,0
15674,3
15675,2
15676,0
15677,0
15678,5
15679,6
15680,3
15681,4
15682,4
15683,6
15684,5
15685,0
15686,1
15687,5
15688,3
15689,5
15690,1
15691,2
15692,5
15693,5
15694,1
15695,6
15696,4
15697,0
15698,0
15699,5
15700,1
15701,5
15702,5
15703,6
15704,6
15705,0
15706,0
15707,0
15708,5
15709,5
15710,5
15711,3
15712,3
15713,0
15714,0
15715,6
15716,6
15717,2
15718,5
15719,0
15720,5
15721,5
15722,0
15723,0
15724,0
15725,5
15726,1
15727,0
15728,4
15729,0
15730,0
15731,4
15732,4
15733,5
15734,4
15735,2
15736,6
15737,3
15738,6
15739,1
15740,5
15741,6
15742,6
15743,6
15744,1
15745,1
15746,4
15747,6
15748,5
15749,0
15750,3
15751,5
15752,2
15753,5
15754,2
15755,5
15756,6
15757,3
15758,5
15759,6
15760,2
15761,6
15762,0
15763,6
15764,0
15765,0
15766,6
15767,6
15768,6
15769,1
15770,5
15771,3
15772,0
15773,1
15774,3
15775,6
15776,0
15777,6
15778,2
15779,0
15780,2
15781,0
15782,6
15783,0
15784,6
15785,2
15786,4
15787,1
15788,0
15789,1
15790,3
15791,3
15792,5
15793,3
15794,0
15795,0
15796,6
15797,5
15798,6
15799,5
15800,5
15801,5
15802,0
15803,5
15804,0
15805,0
15806,5
15807,6
15808,3
15809,3
15810,6
15811,3
15812,6
15813,1
15814,0
15815,2
15816,0
15817,5
15818,0
15819,0
15820,3
15821,5
15822,5
15823,5
15824,2
15825,2
15826,5
15827,5
15828,5
15829,5
15830,5
15831,3
15832,6
15833,0
15834,0
15835,6
15836,3
15837,6
15838,3
15839,0
15840,2
15841,5
15842,4
15843,0
15844,0
15845,0
15846,5
15847,2
15848,2
15849,2
15850,0
15851,0
15852,5
15853,5
15854,1
15855,6
15856,5
15857,3
15858,3
15859,5
15860,5
15861,5
15862,4
15863,3
15864,5
15865,6
15866,6
15867,3
15868,5
15869,3
15870,5
15871,5
15872,0
15873,1
15874,4
15875,5
15876,2
15877,0
15878,1
15879,0
15880,1
15881,0
15882,2
15883,3
15884,4
15885,0
15886,4
15887,5
15888,0
15889,2
15890,3
15891,0
15892,0
15893,0
15894,2
15895,5
15896,3
15897,5
15898,0
15899,2
15900,3
15901,5
15902,6
15903,5
15904,5
15905,6
15906,5
15907,2
15908,3
15909,3
15910,2
15911,5
15912,0
15913,5
15914,5
15915,5
15916,0
15917,3
15918,5
15919,0
15920,0
15921,0
15922,3
15923,4
15924,3
15925,5
15926,5
15927,5
15928,6
15929,1
15930,5
15931,1
15932,0
15933,0
15934,6
15935,0
15936,0
15937,5
15938,5
15939,5
15940,5
15941,5
15942,3
15943,0
15944,5
15945,5
15946,5
15947,0
15948,2
15949,6
15950,0
15951,0
15952,1
15953,0
15954,6
15955,4
15956,1
15957,0
15958,5
15959,0
15960,6
15961,3
15962,5
15963,5
15964,0
15965,5
15966,3
15967,0
15968,0
15969,5
15970,6
15971,5
15972,1
15973,5
15974,2
15975,5
15976,5
15977,0
15978,5
15979,0
15980,5
15981,0
15982,5
15983,4
15984,0
15985,0
15986,5
15987,6
15988,1
15989,5
15990,5
15991,2
15992,1
15993,5
15994,0
15995,6
15996,0
15997,2
15998,6
15999,0
16000,4
16001,5
16002,2
16003,0
16004,3
16005,0
16006,6
16007,0
16008,0
16009,0
16010,0
16011,0
16012,5
16013,2
16014,2
16015,3
16016,0
16017,5
16018,5
16019,3
16020,0
16021,3
16022,2
16023,1
16024,6
16025,5
16026,1
16027,5
16028,3
16029,4
16030,5
16031,5
16032,6
16033,5
16034,1
16035,0
16036,1
16037,5
16038,5
16039,5
16040,5
16041,1
16042,0
16043,0
16044,5
16045,4
16046,5
16047,0
16048,0
16049,0
16050,1
16051,2
16052,6
16053,6
16054,5
16055,6
16056,1
16057,3
16058,0
16059,5
16060,5
16061,5
16062,3
16063,0
16064,2
16065,5
16066,5
16067,0
16068,0
16069,5
16070,2
16071,5
16072,2
16073,5
16074,5
16075,4
16076,5
16077,5
16078,5
16079,0
16080,6
16081,5
16082,6
16083,0
16084,1
16085,6
16086,6
16087,6
16088,3
16089,0
16090,6
16091,1
16092,6
16093,1
16094,3
16095,3
16096,3
16097,4
16098,4
16099,6
16100,0
16101,6
16102,0
16103,0
16104,1
16105,5
16106,2
16107,6
16108,0
16109,4
16110,4
16111,2
16112,4
16113,2
16114,3
16115,2
16116,1
16117,5
16118,5
16119,4
16120,1
16121,0
16122,4
16123,5
16124,1
16125,5
16126,0
16127,3
16128,4
16129,3
16130,3
16131,6
16132,3
16133,2
16134,2
16135,4
16136,0
16137,6
16138,0
16139,5
16140,5
16141,0
16142,5
16143,3
16144,2
16145,4
16146,2
16147,5
16148,5
16149,4
16150,5
16151,5
16152,3
16153,2
16154,2
16155,0
16156,5
16157,0
16158,5
16159,6
16160,3
16161,2
16162,5
16163,5
16164,5
16165,6
16166,5
16167,5
16168,6
16169,5
16170,2
16171,5
16172,2
16173,1
16174,0
16175,1
16176,6
16177,5
16178,0
16179,3
16180,4
16181,5
16182,6
16183,5
16184,5
16185,5
16186,5
16187,4
16188,5
16189,6
16190,0
16191,3
16192,3
16193,0
16194,4
16195,0
16196,0
16197,6
16198,5
16199,6
16200,2
16201,0
16202,3
16203,0
16204,2
16205,1
16206,3
16207,3
16208,5
16209,5
16210,1
16211,1
16212,2
16213,0
16214,0
16215,2
16216,0
16217,3
16218,6
16219,6
16220,5
16221,0
16222,2
16223,5
16224,5
16225,6
16226,0
16227,3
16228,0
16229,1
16230,5
16231,3
16232,3
16233,0
16234,0
16235,3
16236,5
16237,3
16238,0
16239,4
16240,2
16241,6
16242,4
16243,5
16244,3
16245,2
16246,0
16247,3
16248,5
16249,5
16250,2
16251,1
16252,1
16253,2
16254,5
16255,0
16256,5
16257,1
16258,3
16259,1
16260,5
16261,3
16262,6
16263,5
16264,1
16265,1
16266,6
16267,1
16268,5
16269,5
16270,3
16271,4
16272,0
16273,6
16274,4
16275,2
16276,6
16277,5
16278,5
16279,3
16280,3
16281,2
16282,6
16283,6
16284,3
16285,6
16286,5
16287,3
16288,1
16289,3
16290,0
16291,3
16292,1
16293,3
16294,5
16295,5
16296,6
16297,0
16298,5
16299,5
16300,1
16301,2
16302,3
16303,5
16304,6
16305,1
16306,0
16307,3
16308,4
16309,6
16310,5
16311,0
16312,1
16313,3
16314,6
16315,3
16316,5
16317,4
16318,5
16319,0
16320,3
16321,6
16322,5
16323,3
16324,5
16325,3
16326,6
16327,6
16328,5
16329,3
16330,5
16331,6
16332,2
16333,1
16334,0
16335,5
16336,0
16337,3
16338,0
16339,0
16340,4
16341,0
16342,3
16343,6
16344,6
16345,6
16346,6
16347,4
16348,1
16349,5
16350,2
16351,6
16352,0
16353,6
16354,5
16355,5
16356,5
16357,6
16358,5
16359,6
16360,1
16361,5
16362,3
16363,5
16364,2
16365,6
16366,2
16367,5
16368,0
16369,2
16370,4
16371,5
16372,5
16373,6
16374,1
16375,1
16376,6
16377,1
16378,5
16379,0
16380,1
16381,5
16382,5
16383,0
16384,3
16385,5
16386,5
16387,0
16388,0
16389,3
16390,3
16391,0
16392,3
16393,0
16394,5
16395,2
16396,5
16397,5
16398,5
16399,5
16400,0
16401,2
16402,1
16403,3
16404,5
16405,5
16406,1
16407,5
16408,0
16409,5
16410,3
16411,3
16412,6
16413,5
16414,3
16415,5
16416,6
16417,2
16418,5
16419,5
16420,3
16421,5
16422,5
16423,3
16424,0
16425,5
16426,6
16427,3
16428,1
16429,5
16430,5
16431,0
16432,4
16433,0
16434,6
16435,6
16436,3
16437,5
16438,2
16439,6
16440,3
16441,4
16442,3
16443,1
16444,4
16445,3
16446,6
16447,5
16448,5
16449,5
16450,6
16451,3
16452,5
16453,5
16454,3
16455,0
16456,2
16457,3
16458,5
16459,6
16460,3
16461,0
16462,3
16463,6
16464,3
16465,6
16466,3
16467,0
16468,0
16469,5
16470,5
16471,5
16472,2
16473,6
16474,6
16475,5
16476,5
16477,0
16478,1
16479,5
16480,2
16481,5
16482,1
16483,5
16484,3
16485,4
16486,5
16487,6
16488,0
16489,5
16490,5
16491,2
16492,5
16493,5
16494,5
16495,0
16496,6
16497,6
16498,4
16499,5
16500,5
16501,0
16502,3
16503,5
16504,5
16505,5
16506,0
16507,5
16508,3
16509,1
16510,5
16511,0
16512,2
16513,2
16514,0
16515,3
16516,5
16517,6
16518,5
16519,0
16520,5
16521,6
16522,5
16523,0
16524,6
16525,0
16526,3
16527,2
16528,3
16529,5
16530,5
16531,1
16532,4
16533,6
16534,6
16535,5
16536,3
16537,5
16538,5
16539,6
16540,6
16541,4
16542,0
16543,5
16544,3
16545,5
16546,0
16547,6
16548,3
16549,5
16550,6
16551,6
16552,3
16553,0
16554,1
16555,0
16556,1
16557,1
16558,5
16559,6
16560,0
16561,5
16562,5
16563,5
16564,5
16565,6
16566,6
16567,1
16568,6
16569,5
16570,0
16571,6
16572,6
16573,6
16574,6
16575,6
16576,0
16577,6
16578,6
16579,0
16580,2
16581,1
16582,5
16583,3
16584,0
16585,2
16586,2
16587,5
16588,6
16589,1
16590,3
16591,5
16592,3
16593,4
16594,6
16595,6
16596,0
16597,6
16598,1
16599,5
16600,1
16601,6
16602,5
16603,2
16604,6
16605,5
16606,0
16607,5
16608,3
16609,3
16610,5
16611,0
16612,0
16613,5
16614,2
16615,3
16616,2
16617,2
16618,6
16619,4
16620,5
16621,2
16622,5
16623,4
16624,5
16625,6
16626,0
16627,0
16628,2
16629,5
16630,2
16631,2
16632,5
16633,0
16634,3
16635,5
16636,3
16637,3
16638,3
16639,5
16640,1
16641,6
16642,6
16643,6
16644,0
16645,0
16646,5
16647,0
16648,3
16649,5
16650,5
16651,5
16652,4
16653,6
16654,0
16655,5
16656,6
16657,2
16658,6
16659,3
16660,6
16661,2
16662,3
16663,5
16664,2
16665,2
16666,6
16667,0
16668,5
16669,5
16670,3
16671,3
16672,5
16673,5
16674,3
16675,2
16676,5
16677,6
16678,3
16679,3
16680,5
16681,5
16682,2
16683,5
16684,5
16685,6
16686,5
16687,6
16688,0
16689,3
16690,0
16691,5
16692,5
16693,2
16694,5
16695,3
16696,5
16697,5
16698,3
16699,3
16700,0
16701,5
16702,5
16703,5
16704,3
16705,5
16706,5
16707,3
16708,6
16709,6
16710,6
16711,5
16712,6
16713,5
16714,5
16715,1
16716,0
16717,3
16718,3
16719,5
16720,5
16721,0
16722,5
16723,0
16724,5
16725,6
16726,5
16727,4
16728,5
16729,3
16730,4
16731,3
16732,1
16733,5
16734,6
16735,5
16736,6
16737,5
16738,6
16739,2
16740,5
16741,5
16742,4
16743,4
16744,5
16745,5
16746,5
16747,5
16748,2
16749,3
16750,6
16751,2
16752,0
16753,6
16754,5
16755,1
16756,4
16757,2
16758,5
16759,5
16760,0
16761,2
16762,6
16763,1
16764,6
16765,3
16766,6
16767,0
16768,5
16769,6
16770,2
16771,3
16772,3
16773,0
16774,5
16775,4
16776,1
16777,3
16778,5
16779,6
16780,0
16781,5
16782,0
16783,5
16784,6
16785,6
16786,1
16787,0
16788,6
16789,0
16790,4
16791,2
16792,6
16793,5
16794,3
16795,2
16796,2
16797,4
16798,0
16799,6
16800,1
16801,5
16802,0
16803,5
16804,5
16805,0
16806,2
16807,5
16808,0
16809,3
16810,5
16811,3
16812,6
16813,1
16814,2
16815,5
16816,5
16817,5
16818,6
16819,2
16820,6
16821,0
16822,0
16823,0
16824,2
16825,2
16826,2
16827,3
16828,3
16829,3
16830,5
16831,3
16832,2
16833,4
16834,6
16835,2
16836,5
16837,1
16838,5
16839,5
16840,5
16841,5
16842,6
16843,2
16844,6
16845,0
16846,0
16847,1
16848,2
16849,5
16850,5
16851,2
16852,0
16853,5
16854,3
16855,3
16856,6
16857,6
16858,6
16859,6
16860,1
16861,0
16862,5
16863,5
16864,0
16865,0
16866,3
16867,6
16868,5
16869,0
16870,5
16871,1
16872,1
16873,5
16874,5
16875,3
16876,1
16877,3
16878,0
16879,4
16880,5
16881,6
16882,5
16883,3
16884,1
16885,5
16886,5
16887,6
16888,6
16889,5
16890,6
16891,5
16892,6
16893,4
16894,3
16895,3
16896,6
16897,2
16898,3
16899,5
16900,3
16901,6
16902,1
16903,3
16904,0
16905,1
16906,0
16907,0
16908,1
16909,5
16910,6
16911,0
16912,1
16913,5
16914,6
16915,6
16916,6
16917,3
16918,5
16919,3
16920,5
16921,5
16922,0
16923,5
16924,5
16925,0
16926,5
16927,5
16928,0
16929,5
16930,3
16931,5
16932,0
16933,5
16934,5
16935,6
16936,1
16937,5
16938,2
16939,5
16940,3
16941,2
16942,0
16943,5
16944,6
16945,3
16946,0
16947,3
16948,3
16949,6
16950,5
16951,3
16952,3
16953,0
16954,5
16955,3
16956,1
16957,1
16958,3
16959,4
16960,1
16961,5
16962,3
16963,0
16964,2
16965,2
16966,1
16967,5
16968,6
16969,0
16970,5
16971,0
16972,0
16973,5
16974,0
16975,5
16976,5
16977,5
16978,5
16979,5
16980,6
16981,0
16982,3
16983,1
16984,6
16985,1
16986,5
16987,3
16988,2
16989,5
16990,5
16991,6
16992,5
16993,5
16994,1
16995,5
16996,1
16997,0
16998,2
16999,6
17000,3
17001,0
17002,0
17003,2
17004,5
17005,1
17006,6
17007,3
17008,6
17009,6
17010,5
17011,6
17012,2
17013,3
17014,2
17015,3
17016,0
17017,0
17018,5
17019,4
17020,3
17021,3
17022,1
17023,3
17024,0
17025,3
17026,5
17027,5
17028,5
17029,5
17030,0
17031,6
17032,0
17033,3
17034,6
17035,3
17036,5
17037,0
17038,3
17039,5
17040,5
17041,0
17042,6
17043,5
17044,6
17045,6
17046,2
17047,5
17048,6
17049,5
17050,0
17051,3
17052,5
17053,6
17054,3
17055,0
17056,5
17057,5
17058,0
17059,1
17060,0
17061,6
17062,5
17063,2
17064,5
17065,0
17066,0
17067,5
17068,3
17069,3
17070,3
17071,0
17072,4
17073,0
17074,5
17075,6
17076,0
17077,5
17078,6
17079,2
17080,6
17081,5
17082,1
17083,6
17084,5
17085,2
17086,5
17087,0
17088,0
17089,5
17090,6
17091,2
17092,6
17093,6
17094,6
17095,2
17096,6
17097,6
17098,6
17099,0
17100,0
17101,5
17102,0
17103,5
17104,6
17105,5
17106,1
17107,5
17108,5
17109,6
17110,3
17111,5
17112,3
17113,5
17114,3
17115,0
17116,3
17117,6
17118,4
17119,3
17120,1
17121,5
17122,0
17123,5
17124,6
17125,5
17126,6
17127,3
17128,5
17129,0
17130,3
17131,5
17132,3
17133,0
17134,5
17135,4
17136,5
17137,3
17138,5
17139,5
17140,6
17141,1
17142,4
17143,6
17144,5
17145,6
17146,5
17147,2
17148,2
17149,0
17150,3
17151,3
17152,2
17153,1
17154,6
17155,3
17156,5
17157,5
17158,5
17159,2
17160,0
17161,5
17162,0
17163,0
17164,5
17165,5
17166,6
17167,3
17168,2
17169,0
17170,6
17171,2
17172,5
17173,5
17174,0
17175,3
17176,6
17177,5
17178,0
17179,5
17180,3
17181,0
17182,5
17183,6
17184,6
17185,5
17186,0
17187,6
17188,1
17189,1
17190,5
17191,5
17192,6
17193,3
17194,5
17195,0
17196,3
17197,6
17198,0
17199,3
17200,6
17201,4
17202,5
17203,6
17204,0
17205,5
17206,0
17207,3
17208,5
17209,5
17210,2
17211,6
17212,6
17213,4
17214,0
17215,2
17216,2
17217,0
17218,5
17219,0
17220,5
17221,6
17222,2
17223,5
17224,3
17225,0
17226,2
17227,6
17228,0
17229,5
17230,5
17231,3
17232,0
17233,4
17234,6
17235,5
17236,5
17237,1
17238,0
17239,3
17240,1
17241,3
17242,6
17243,6
17244,6
17245,5
17246,3
17247,6
17248,0
17249,6
17250,5
17251,2
17252,6
17253,5
17254,2
17255,5
17256,6
17257,2
17258,5
17259,5
17260,5
17261,2
17262,5
17263,3
17264,6
17265,5
17266,3
17267,5
17268,3
17269,1
17270,0
17271,5
17272,3
17273,6
17274,5
17275,5
17276,2
17277,5
17278,3
17279,4
17280,3
17281,5
17282,2
17283,2
17284,2
17285,5
17286,0
17287,3
17288,3
17289,6
17290,0
17291,3
17292,6
17293,5
17294,2
17295,6
17296,5
17297,6
17298,3
17299,6
17300,3
17301,6
17302,5
17303,5
17304,5
17305,5
17306,5
17307,3
17308,2
17309,6
17310,3
17311,5
17312,5
17313,6
17314,3
17315,6
17316,2
17317,5
17318,3
17319,6
17320,6
17321,5
17322,2
17323,5
17324,5
17325,5
17326,5
17327,3
17328,6
17329,6
17330,0
17331,5
17332,6
17333,5
17334,5
17335,5
17336,5
17337,5
17338,0
17339,5
17340,5
17341,0
17342,3
17343,6
17344,0
17345,5
17346,5
17347,6
17348,5
17349,2
17350,2
17351,2
17352,3
17353,2
17354,5
17355,1
17356,5
17357,5
17358,3
17359,2
17360,6
17361,2
17362,1
17363,5
17364,3
17365,5
17366,1
17367,4
17368,3
17369,5
17370,2
17371,3
17372,6
17373,0
17374,6
17375,6
17376,3
17377,0
17378,6
17379,4
17380,0
17381,5
17382,5
17383,3
17384,5
17385,1
17386,4
17387,5
17388,5
17389,5
17390,6
17391,3
17392,6
17393,3
17394,0
17395,2
17396,6
17397,6
17398,0
17399,5
17400,5
17401,4
17402,6
17403,3
17404,3
17405,0
17406,6
17407,6
17408,6
17409,2
17410,6
17411,5
17412,5
17413,1
17414,6
17415,6
17416,5
17417,0
17418,5
17419,0
17420,5
17421,4
17422,6
17423,0
17424,5
17425,0
17426,2
17427,1
17428,6
17429,2
17430,1
17431,6
17432,3
17433,3
17434,0
17435,2
17436,6
17437,0
17438,1
17439,0
17440,1
17441,3
17442,3
17443,5
17444,5
17445,5
17446,6
17447,2
17448,0
17449,3
17450,5
17451,5
17452,6
17453,6
17454,5
17455,1
17456,5
17457,6
17458,5
17459,0
17460,1
17461,2
17462,5
17463,3
17464,1
17465,0
17466,1
17467,5
17468,4
17469,5
17470,1
17471,3
17472,5
17473,2
17474,3
17475,6
17476,5
17477,2
17478,6
17479,5
17480,1
17481,0
17482,2
17483,5
17484,0
17485,3
17486,5
17487,6
17488,5
17489,5
17490,5
17491,6
17492,3
17493,1
17494,4
17495,5
17496,4
17497,5
17498,5
17499,5
17500,3
17501,2
17502,5
17503,0
17504,1
17505,6
17506,6
17507,0
17508,1
17509,5
17510,0
17511,1
17512,5
17513,5
17514,5
17515,5
17516,5
17517,1
17518,5
17519,6
17520,4
17521,0
17522,6
17523,5
17524,1
17525,6
17526,0
17527,6
17528,0
17529,6
17530,5
17531,0
17532,5
17533,5
17534,0
17535,3
17536,3
17537,5
17538,6
17539,5
17540,5
17541,5
17542,6
17543,0
17544,5
17545,2
17546,2
17547,3
17548,3
17549,3
17550,1
17551,1
17552,0
17553,1
17554,0
17555,6
17556,6
17557,5
17558,6
17559,5
17560,1
17561,5
17562,5
17563,0
17564,6
17565,0
17566,6
17567,1
17568,5
17569,3
17570,0
17571,1
17572,0
17573,5
17574,3
17575,1
17576,5
17577,2
17578,3
17579,6
17580,5
17581,3
17582,0
17583,3
17584,5
17585,1
17586,5
17587,5
17588,5
17589,0
17590,5
17591,3
17592,3
17593,5
17594,0
17595,5
17596,6
17597,0
17598,2
17599,0
17600,5
17601,3
17602,4
17603,1
17604,6
17605,0
17606,5
17607,3
17608,3
17609,0
17610,2
17611,0
17612,3
17613,2
17614,6
17615,5
17616,6
17617,0
17618,3
17619,6
17620,5
17621,6
17622,0
17623,2
17624,6
17625,4
17626,5
17627,2
17628,1
17629,0
17630,4
17631,5
17632,6
17633,5
17634,5
17635,5
17636,2
17637,0
17638,5
17639,2
17640,2
17641,5
17642,4
17643,0
17644,0
17645,1
17646,5
17647,2
17648,2
17649,0
17650,2
17651,0
17652,2
17653,6
17654,5
17655,1
17656,2
17657,1
17658,0
17659,6
17660,6
17661,5
17662,6
17663,6
17664,3
17665,5
17666,0
17667,4
17668,5
17669,5
17670,5
17671,3
17672,4
17673,2
17674,6
17675,0
17676,5
17677,4
17678,3
17679,5
17680,0
17681,1
17682,3
17683,6
17684,5
17685,5
17686,2
17687,3
17688,3
17689,3
17690,5
17691,0
17692,0
17693,6
17694,0
17695,0
17696,2
17697,2
17698,5
17699,4
17700,4
17701,6
17702,6
17703,0
17704,3
17705,5
17706,0
17707,6
17708,2
17709,5
17710,1
17711,6
17712,0
17713,6
17714,5
17715,6
17716,6
17717,3
17718,6
17719,5
17720,0
17721,0
17722,5
17723,3
17724,0
17725,5
17726,6
17727,5
17728,6
17729,2
17730,0
17731,6
17732,5
17733,6
17734,1
17735,6
17736,5
17737,0
17738,2
17739,5
17740,6
17741,5
17742,3
17743,3
17744,3
17745,6
17746,0
17747,0
17748,0
17749,5
17750,0
17751,0
17752,5
17753,5
17754,6
17755,5
17756,5
17757,5
17758,6
17759,5
17760,5
17761,6
17762,5
17763,2
17764,0
17765,6
17766,6
17767,6
17768,5
17769,3
17770,5
17771,3
17772,5
17773,3
17774,6
17775,3
17776,4
17777,6
17778,0
17779,5
17780,2
17781,0
17782,2
17783,1
17784,0
17785,0
17786,3
17787,4
17788,2
17789,0
17790,5
17791,6
17792,1
17793,0
17794,4
17795,5
17796,3
17797,5
17798,6
17799,6
17800,6
17801,1
17802,5
17803,6
17804,2
17805,5
17806,5
17807,3
17808,6
17809,6
17810,0
17811,3
17812,0
17813,0
17814,5
17815,0
17816,5
17817,5
17818,5
17819,0
17820,0
17821,5
17822,0
17823,6
17824,5
17825,4
17826,2
17827,0
17828,1
17829,2
17830,5
17831,3
17832,2
17833,6
17834,3
17835,1
17836,3
17837,5
17838,5
17839,5
17840,3
17841,6
17842,0
17843,5
17844,0
17845,6
17846,5
17847,2
17848,6
17849,0
17850,4
17851,2
17852,5
17853,5
17854,1
17855,2
17856,3
17857,0
17858,1
17859,5
17860,5
17861,6
17862,5
17863,5
17864,2
17865,5
17866,3
17867,6
17868,0
17869,6
17870,5
17871,5
17872,5
17873,5
17874,5
17875,2
17876,5
17877,0
17878,4
17879,5
17880,1
17881,0
17882,3
17883,5
17884,1
17885,3
17886,5
17887,2
17888,0
17889,6
17890,0
17891,5
17892,5
17893,5
17894,6
17895,0
17896,0
17897,1
17898,0
17899,0
17900,0
17901,1
17902,1
17903,3
17904,1
17905,0
17906,6
17907,3
17908,1
17909,0
17910,5
17911,5
17912,0
17913,6
17914,6
17915,0
17916,6
17917,5
17918,2
17919,5
17920,5
17921,5
17922,5
17923,2
17924,5
17925,5
17926,6
17927,5
17928,5
17929,2
17930,0
17931,5
17932,5
17933,6
17934,2
17935,0
17936,3
17937,0
17938,3
17939,5
17940,6
17941,2
17942,5
17943,6
17944,6
17945,5
17946,1
17947,3
17948,1
17949,6
17950,5
17951,3
17952,6
17953,5
17954,2
17955,6
17956,6
17957,1
17958,5
17959,6
17960,4
17961,1
17962,1
17963,6
17964,3
17965,0
17966,3
17967,5
17968,4
17969,3
17970,3
17971,0
17972,6
17973,2
17974,0
17975,2
17976,5
17977,3
17978,5
17979,5
17980,1
17981,6
17982,4
17983,3
17984,6
17985,0
17986,2
17987,5
17988,1
17989,6
17990,0
17991,0
17992,5
17993,2
17994,5
17995,5
17996,1
17997,5
17998,3
17999,0
18000,3
18001,4
18002,0
18003,6
18004,5
18005,5
18006,6
18007,0
18008,6
18009,6
18010,5
18011,5
18012,0
18013,5
18014,2
18015,4
18016,5
18017,3
18018,6
18019,5
18020,5
18021,5
18022,6
18023,5
18024,3
18025,1
18026,3
18027,5
18028,3
18029,6
18030,3
18031,5
18032,1
18033,5
18034,5
18035,0
18036,3
18037,0
18038,5
18039,5
18040,6
18041,0
18042,6
18043,0
18044,6
18045,3
18046,5
18047,2
18048,2
18049,6
18050,1
18051,6
18052,6
18053,5
18054,5
18055,5
18056,4
18057,5
18058,2
18059,5
18060,3
18061,5
18062,0
18063,5
18064,0
18065,0
18066,5
18067,4
18068,6
18069,3
18070,2
18071,2
18072,4
18073,3
18074,0
18075,2
18076,4
18077,3
18078,5
18079,0
18080,5
18081,2
18082,5
18083,5
18084,0
18085,6
18086,2
18087,3
18088,5
18089,1
18090,5
18091,5
18092,6
18093,5
18094,5
18095,1
18096,0
18097,6
18098,5
18099,6
18100,1
18101,3
18102,2
18103,0
18104,5
18105,5
18106,5
18107,3
18108,5
18109,5
18110,0
18111,2
18112,2
18113,5
18114,3
18115,5
18116,2
18117,5
18118,5
18119,6
18120,3
18121,3
18122,5
18123,3
18124,5
18125,3
18126,6
18127,5
18128,5
18129,0
18130,0
18131,5
18132,6
18133,0
18134,5
18135,5
18136,6
18137,3
18138,6
18139,4
18140,3
18141,1
18142,1
18143,1
18144,0
18145,5
18146,2
18147,5
18148,5
18149,5
18150,1
18151,3
18152,6
18153,5
18154,6
18155,6
18156,5
18157,3
18158,5
18159,5
18160,0
18161,3
18162,6
18163,5
18164,2
18165,6
18166,4
18167,6
18168,2
18169,0
18170,6
18171,1
18172,0
18173,5
18174,3
18175,6
18176,5
18177,5
18178,3
18179,0
18180,4
18181,6
18182,5
18183,1
18184,1
18185,2
18186,1
18187,4
18188,6
18189,6
18190,5
18191,3
18192,6
18193,5
18194,6
18195,6
18196,5
18197,3
18198,3
18199,5
18200,2
18201,6
18202,5
18203,0
18204,5
18205,3
18206,2
18207,3
18208,6
18209,3
18210,5
18211,0
18212,3
18213,5
18214,5
18215,2
18216,2
18217,2
18218,1
18219,6
18220,2
18221,3
18222,4
18223,0
18224,5
18225,0
18226,6
18227,1
18228,2
18229,0
18230,5
18231,5
18232,6
18233,5
18234,0
18235,5
18236,2
18237,0
18238,4
18239,6
18240,5
18241,6
18242,0
18243,3
18244,0
18245,5
18246,0
18247,5
18248,1
18249,1
18250,5
18251,2
18252,0
18253,6
18254,2
18255,6
18256,5
18257,5
18258,4
18259,5
18260,5
18261,4
18262,6
18263,5
18264,0
18265,6
18266,5
18267,5
18268,0
18269,1
18270,5
18271,1
18272,0
18273,0
18274,5
18275,3
18276,5
18277,0
18278,3
18279,6
18280,5
18281,3
18282,1
18283,6
18284,5
18285,0
18286,6
18287,5
18288,6
18289,5
18290,6
18291,5
18292,6
18293,3
18294,2
18295,6
18296,3
18297,5
18298,0
18299,1
18300,5
18301,3
18302,6
18303,1
18304,0
18305,5
18306,1
18307,3
18308,5
18309,1
18310,4
18311,4
18312,0
18313,4
18314,0
18315,0
18316,6
18317,5
18318,5
18319,2
18320,6
18321,6
18322,6
18323,6
18324,6
18325,6
18326,5
18327,6
18328,0
18329,0
18330,5
18331,1
18332,4
18333,1
18334,1
18335,5
18336,4
18337,3
18338,6
18339,3
18340,5
18341,1
18342,3
18343,2
18344,5
18345,6
18346,5
18347,6
18348,6
18349,3
18350,0
18351,5
18352,3
18353,6
18354,5
18355,1
18356,2
18357,5
18358,0
18359,4
18360,3
18361,1
18362,3
18363,0
18364,5
18365,0
18366,4
18367,5
18368,0
18369,0
18370,4
18371,0
18372,6
18373,6
18374,5
18375,5
18376,6
18377,1
18378,6
18379,5
18380,6
18381,6
18382,2
18383,0
18384,0
18385,6
18386,5
18387,6
18388,6
18389,3
18390,6
18391,5
18392,5
18393,5
18394,6
18395,6
18396,6
18397,0
18398,3
18399,5
18400,4
18401,5
18402,5
18403,0
18404,2
18405,5
18406,3
18407,0
18408,6
18409,5
18410,3
18411,0
18412,5
18413,5
18414,3
18415,3
18416,3
18417,0
18418,4
18419,0
18420,6
18421,0
18422,6
18423,5
18424,5
18425,5
18426,0
18427,5
18428,1
18429,5
18430,2
18431,3
18432,3
18433,2
18434,1
18435,5
18436,6
18437,1
18438,5
18439,5
18440,1
18441,0
18442,5
18443,1
18444,1
18445,5
18446,6
18447,0
18448,2
18449,5
18450,0
18451,2
18452,1
18453,6
18454,5
18455,0
18456,5
18457,6
18458,4
18459,5
18460,2
18461,6
18462,4
18463,1
18464,6
18465,5
18466,6
18467,1
18468,3
18469,5
18470,5
18471,5
18472,2
18473,5
18474,6
18475,5
18476,6
18477,3
18478,3
18479,5
18480,3
18481,5
18482,5
18483,5
18484,6
18485,5
18486,5
18487,3
18488,0
18489,3
18490,0
18491,6
18492,6
18493,2
18494,4
18495,6
18496,5
18497,0
18498,1
18499,3
18500,3
18501,0
18502,6
18503,5
18504,3
18505,0
18506,5
18507,2
18508,5
18509,5
18510,0
18511,0
18512,0
18513,6
18514,4
18515,2
18516,0
18517,5
18518,5
18519,5
18520,5
18521,5
18522,6
18523,0
18524,6
18525,6
18526,5
18527,5
18528,3
18529,5
18530,0
18531,0
18532,1
18533,5
18534,6
18535,2
18536,0
18537,5
18538,4
18539,2
18540,5
18541,0
18542,3
18543,1
18544,3
18545,3
18546,5
18547,0
18548,5
18549,0
18550,5
18551,2
18552,3
18553,5
18554,1
18555,0
18556,0
18557,6
18558,5
18559,0
18560,1
18561,5
18562,5
18563,0
18564,5
18565,0
18566,3
18567,2
18568,5
18569,2
18570,1
18571,3
18572,0
18573,3
18574,5
18575,6
18576,6
18577,1
18578,6
18579,0
18580,3
18581,1
18582,1
18583,5
18584,5
18585,3
18586,0
18587,3
18588,6
18589,0
18590,1
18591,5
18592,2
18593,5
18594,5
18595,6
18596,5
18597,5
18598,6
18599,3
18600,4
18601,5
18602,5
18603,5
18604,0
18605,6
18606,5
18607,2
18608,0
18609,1
18610,6
18611,6
18612,4
18613,5
18614,4
18615,4
18616,5
18617,3
18618,6
18619,6
18620,6
18621,3
18622,6
18623,1
18624,1
18625,0
18626,6
18627,2
18628,5
18629,6
18630,3
18631,0
18632,0
18633,5
18634,5
18635,0
18636,0
18637,3
18638,2
18639,6
18640,6
18641,6
18642,0
18643,3
18644,2
18645,5
18646,0
18647,5
18648,6
18649,0
18650,2
18651,5
18652,6
18653,0
18654,5
18655,5
18656,6
18657,0
18658,5
18659,3
18660,4
18661,3
18662,5
18663,5
18664,5
18665,6
18666,3
18667,5
18668,5
18669,6
18670,0
18671,6
18672,5
18673,5
18674,6
18675,3
18676,6
18677,5
18678,0
18679,2
18680,3
18681,3
18682,3
18683,5
18684,6
18685,0
18686,5
18687,3
18688,0
18689,5
18690,0
18691,5
18692,5
18693,5
18694,5
18695,0
18696,6
18697,5
18698,6
18699,2
18700,5
18701,5
18702,6
18703,0
18704,3
18705,5
18706,0
18707,0
18708,5
18709,4
18710,5
18711,6
18712,0
18713,1
18714,5
18715,2
18716,0
18717,1
18718,0
18719,5
18720,1
18721,5
18722,0
18723,2
18724,6
18725,3
18726,0
18727,3
18728,0
18729,0
18730,6
18731,5
18732,6
18733,6
18734,6
18735,0
18736,5
18737,5
18738,2
18739,0
18740,3
18741,3
18742,6
18743,5
18744,0
18745,6
18746,5
18747,0
18748,1
18749,3
18750,5
18751,1
18752,3
18753,5
18754,6
18755,3
18756,0
18757,2
18758,3
18759,0
18760,0
18761,0
18762,0
18763,5
18764,0
18765,6
18766,4
18767,0
18768,3
18769,6
18770,5
18771,5
18772,0
18773,0
18774,3
18775,0
18776,6
18777,3
18778,6
18779,5
18780,3
18781,3
18782,6
18783,1
18784,5
18785,3
18786,0
18787,6
18788,3
18789,2
18790,5
18791,5
18792,5
18793,5
18794,0
18795,3
18796,5
18797,3
18798,5
18799,5
18800,5
18801,2
18802,1
18803,6
18804,2
18805,2
18806,6
18807,0
18808,0
18809,5
18810,6
18811,5
18812,0
18813,0
18814,2
18815,5
18816,6
18817,5
18818,0
18819,3
18820,6
18821,5
18822,3
18823,0
18824,3
18825,3
18826,2
18827,0
18828,0
18829,3
18830,0
18831,5
18832,5
18833,6
18834,5
18835,3
18836,2
18837,2
18838,6
18839,6
18840,6
18841,6
18842,5
18843,5
18844,5
18845,5
18846,0
18847,4
18848,5
18849,0
18850,5
18851,3
18852,1
18853,3
18854,3
18855,0
18856,3
18857,5
18858,4
18859,4
18860,0
18861,0
18862,1
18863,4
18864,3
18865,6
18866,2
18867,6
18868,6
18869,6
18870,3
18871,0
18872,3
18873,5
18874,2
18875,0
18876,3
18877,5
18878,5
18879,0
18880,6
18881,2
18882,3
18883,5
18884,3
18885,6
18886,1
18887,5
18888,0
18889,3
18890,2
18891,0
18892,5
18893,0
18894,5
18895,2
18896,3
18897,5
18898,0
18899,2
18900,4
18901,5
18902,5
18903,0
18904,2
18905,3
18906,5
18907,3
18908,5
18909,6
18910,5
18911,5
18912,5
18913,2
18914,3
18915,0
18916,0
18917,6
18918,5
18919,6
18920,0
18921,3
18922,5
18923,3
18924,0
18925,0
18926,1
18927,6
18928,3
18929,5
18930,3
18931,0
18932,3
18933,5
18934,0
18935,5
18936,5
18937,6
18938,0
18939,5
18940,4
18941,0
18942,5
18943,2
18944,0
18945,5
18946,0
18947,0
18948,6
18949,5
18950,2
18951,5
18952,6
18953,5
18954,5
18955,3
18956,3
18957,6
18958,3
18959,3
18960,5
18961,6
18962,2
18963,1
18964,5
18965,6
18966,5
18967,0
18968,6
18969,5
18970,5
18971,2
18972,2
18973,1
18974,6
18975,5
18976,0
18977,3
18978,0
18979,5
18980,1
18981,5
18982,5
18983,0
18984,0
18985,0
18986,1
18987,4
18988,0
18989,3
18990,6
18991,5
18992,6
18993,6
18994,6
18995,0
18996,4
18997,6
18998,2
18999,3
19000,6
19001,5
19002,4
19003,0
19004,5
19005,0
19006,5
19007,5
19008,0
19009,2
19010,0
19011,5
19012,2
19013,6
19014,3
19015,5
19016,3
19017,5
19018,1
19019,5
19020,5
19021,5
19022,6
19023,0
19024,6
19025,3
19026,4
19027,6
19028,5
19029,5
19030,3
19031,2
19032,5
19033,3
19034,5
19035,4
19036,3
19037,3
19038,5
19039,5
19040,3
19041,3
19042,5
19043,5
19044,0
19045,4
19046,0
19047,3
19048,5
19049,3
19050,0
19051,1
19052,5
19053,2
19054,5
19055,6
19056,6
19057,2
19058,1
19059,2
19060,3
19061,6
19062,5
19063,5
19064,1
19065,2
19066,5
19067,5
19068,0
19069,5
19070,6
19071,5
19072,6
19073,3
19074,0
19075,3
19076,5
19077,6
19078,5
19079,3
19080,6
19081,3
19082,3
19083,3
19084,6
19085,1
19086,6
19087,0
19088,4
19089,6
19090,5
19091,5
19092,3
19093,0
19094,5
19095,5
19096,5
19097,6
19098,0
19099,6
19100,2
19101,6
19102,3
19103,6
19104,5
19105,6
19106,5
19107,4
19108,6
19109,5
19110,6
19111,0
19112,6
19113,2
19114,2
19115,5
19116,2
19117,6
19118,3
19119,3
19120,6
19121,5
19122,5
19123,4
19124,5
19125,5
19126,1
19127,1
19128,0
19129,0
19130,1
19131,3
19132,4
19133,0
19134,5
19135,6
19136,4
19137,3
19138,0
19139,0
19140,3
19141,6
19142,5
19143,3
19144,5
19145,6
19146,2
19147,6
19148,5
19149,6
19150,5
19151,4
19152,0
19153,5
19154,4
19155,5
19156,5
19157,3
19158,2
19159,5
19160,5
19161,5
19162,5
19163,6
19164,6
19165,5
19166,2
19167,3
19168,5
19169,1
19170,0
19171,5
19172,3
19173,0
19174,1
19175,6
19176,2
19177,6
19178,4
19179,4
19180,3
19181,3
19182,0
19183,4
19184,5
19185,3
19186,2
19187,1
19188,3
19189,6
19190,3
19191,2
19192,5
19193,1
19194,5
19195,6
19196,3
19197,1
19198,2
19199,0
19200,5
19201,0
19202,3
19203,1
19204,3
19205,5
19206,5
19207,6
19208,2
19209,3
19210,5
19211,0
19212,3
19213,5
19214,5
19215,3
19216,5
19217,5
19218,6
19219,0
19220,5
19221,0
19222,6
19223,4
19224,0
19225,6
19226,2
19227,5
19228,0
19229,4
19230,2
19231,5
19232,5
19233,4
19234,0
19235,5
19236,2
19237,5
19238,2
19239,2
19240,5
19241,0
19242,6
19243,3
19244,3
19245,0
19246,6
19247,4
19248,3
19249,4
19250,3
19251,3
19252,3
19253,3
19254,3
19255,6
19256,4
19257,0
19258,0
19259,6
19260,2
19261,6
19262,6
19263,3
19264,5
19265,6
19266,5
19267,3
19268,3
19269,3
19270,5
19271,5
19272,0
19273,6
19274,4
19275,5
19276,5
19277,2
19278,5
19279,6
19280,2
19281,5
19282,0
19283,5
19284,6
19285,5
19286,3
19287,5
19288,0
19289,6
19290,5
19291,0
19292,3
19293,3
19294,6
19295,6
19296,5
19297,5
19298,5
19299,3
19300,6
19301,5
19302,5
19303,5
19304,2
19305,0
19306,3
19307,3
19308,2
19309,6
19310,5
19311,5
19312,3
19313,2
19314,3
19315,6
19316,0
19317,0
19318,3
19319,6
19320,5
19321,4
19322,4
19323,0
19324,1
19325,3
19326,6
19327,5
19328,1
19329,0
19330,3
19331,0
19332,2
19333,0
19334,6
19335,5
19336,5
19337,0
19338,5
19339,1
19340,5
19341,2
19342,5
19343,0
19344,5
19345,0
19346,3
19347,3
19348,1
19349,2
19350,3
19351,5
19352,5
19353,2
19354,0
19355,0
19356,5
19357,5
19358,5
19359,0
19360,0
19361,5
19362,3
19363,2
19364,5
19365,5
19366,0
19367,0
19368,0
19369,0
19370,5
19371,6
19372,6
19373,5
19374,5
19375,5
19376,5
19377,0
19378,5
19379,5
19380,5
19381,6
19382,5
19383,0
19384,0
19385,5
19386,5
19387,3
19388,0
19389,3
19390,3
19391,6
19392,2
19393,3
19394,3
19395,5
19396,3
19397,5
19398,5
19399,5
19400,2
19401,5
19402,5
19403,3
19404,0
19405,1
19406,4
19407,6
19408,5
19409,5
19410,5
19411,5
19412,6
19413,5
19414,5
19415,6
19416,5
19417,1
19418,3
19419,1
19420,6
19421,6
19422,5
19423,5
19424,0
19425,0
19426,0
19427,4
19428,5
19429,5
19430,1
19431,5
19432,4
19433,5
19434,0
19435,0
19436,5
19437,3
19438,6
19439,5
19440,5
19441,0
19442,3
19443,1
19444,2
19445,3
19446,2
19447,2
19448,5
19449,3
19450,1
19451,5
19452,4
19453,6
19454,0
19455,3
19456,3
19457,5
19458,5
19459,2
19460,6
19461,6
19462,6
19463,6
19464,2
19465,6
19466,3
19467,6
19468,0
19469,5
19470,5
19471,6
19472,5
19473,6
19474,5
19475,1
19476,5
19477,5
19478,4
19479,0
19480,6
19481,5
19482,1
19483,1
19484,3
19485,2
19486,0
19487,1
19488,2
19489,2
19490,1
19491,5
19492,6
19493,5
19494,6
19495,0
19496,6
19497,6
19498,2
19499,5
19500,5
19501,5
19502,0
19503,0
19504,5
19505,0
19506,5
19507,1
19508,2
19509,6
19510,5
19511,0
19512,2
19513,3
19514,0
19515,2
19516,0
19517,5
19518,6
19519,3
19520,1
19521,5
19522,6
19523,2
19524,0
19525,6
19526,3
19527,3
19528,0
19529,5
19530,3
19531,3
19532,5
19533,0
19534,0
19535,5
19536,2
19537,0
19538,1
19539,1
19540,6
19541,1
19542,4
19543,5
19544,2
19545,6
19546,6
19547,5
19548,5
19549,0
19550,3
19551,4
19552,3
19553,3
19554,5
19555,3
19556,6
19557,6
19558,5
19559,6
19560,6
19561,0
19562,0
19563,5
19564,4
19565,5
19566,3
19567,2
19568,5
19569,3
19570,1
19571,1
19572,3
19573,6
19574,1
19575,4
19576,0
19577,3
19578,0
19579,3
19580,0
19581,5
19582,2
19583,6
19584,5
19585,4
19586,1
19587,3
19588,5
19589,6
19590,6
19591,5
19592,6
19593,5
19594,0
19595,5
19596,5
19597,2
19598,3
19599,5
19600,0
19601,5
19602,5
19603,0
19604,5
19605,2
19606,3
19607,5
19608,0
19609,5
19610,3
19611,2
19612,0
19613,0
19614,1
19615,6
19616,3
19617,5
19618,5
19619,0
19620,6
19621,5
19622,4
19623,5
19624,2
19625,5
19626,1
19627,5
19628,2
19629,6
19630,5
19631,2
19632,5
19633,5
19634,5
19635,6
19636,0
19637,6
19638,6
19639,0
19640,5
19641,5
19642,6
19643,5
19644,0
19645,3
19646,3
19647,4
19648,3
19649,2
19650,6
19651,2
19652,0
19653,6
19654,6
19655,5
19656,3
19657,6
19658,5
19659,6
19660,2
19661,5
19662,3
19663,4
19664,5
19665,0
19666,6
19667,3
19668,0
19669,4
19670,5
19671,0
19672,0
19673,0
19674,0
19675,2
19676,1
19677,6
19678,3
19679,0
19680,3
19681,5
19682,5
19683,2
19684,4
19685,5
19686,4
19687,5
19688,0
19689,1
19690,5
19691,6
19692,6
19693,6
19694,3
19695,2
19696,6
19697,1
19698,5
19699,6
19700,5
19701,6
19702,6
19703,6
19704,2
19705,4
19706,2
19707,1
19708,3
19709,2
19710,6
19711,3
19712,3
19713,5
19714,3
19715,1
19716,2
19717,5
19718,4
19719,1
19720,4
19721,6
19722,6
19723,0
19724,3
19725,2
19726,5
19727,3
19728,6
19729,3
19730,5
19731,5
19732,4
19733,2
19734,6
19735,5
19736,0
19737,6
19738,0
19739,5
19740,2
19741,5
19742,6
19743,6
19744,6
19745,0
19746,5
19747,5
19748,5
19749,1
19750,6
19751,3
19752,3
19753,0
19754,6
19755,5
19756,0
19757,0
19758,6
19759,0
19760,6
19761,4
19762,5
19763,5
19764,5
19765,1
19766,5
19767,0
19768,0
19769,0
19770,5
19771,0
19772,5
19773,5
19774,2
19775,5
19776,5
19777,5
19778,0
19779,0
19780,0
19781,5
19782,1
19783,5
19784,3
19785,5
19786,5
19787,3
19788,3
19789,5
19790,0
19791,5
19792,0
19793,0
19794,3
19795,1
19796,5
19797,6
19798,5
19799,2
19800,1
19801,1
19802,6
19803,0
19804,1
19805,6
19806,6
19807,6
19808,2
19809,2
19810,5
19811,6
19812,5
19813,5
19814,0
19815,2
19816,4
19817,5
19818,6
19819,5
19820,5
19821,5
19822,0
19823,1
19824,0
19825,4
19826,5
19827,5
19828,5
19829,5
19830,3
19831,6
19832,5
19833,0
19834,5
19835,5
19836,6
19837,3
19838,3
19839,6
19840,4
19841,5
19842,6
19843,5
19844,2
19845,6
19846,3
19847,0
19848,4
19849,0
19850,3
19851,0
19852,6
19853,5
19854,0
19855,6
19856,6
19857,0
19858,0
19859,5
19860,3
19861,3
19862,4
19863,3
19864,2
19865,1
19866,4
19867,4
19868,6
19869,6
19870,3
19871,6
19872,2
19873,6
19874,0
19875,0
19876,5
19877,3
19878,3
19879,6
19880,5
19881,5
19882,0
19883,6
19884,5
19885,2
19886,1
19887,1
19888,3
19889,4
19890,1
19891,0
19892,3
19893,2
19894,6
19895,0
19896,6
19897,6
19898,5
19899,3
19900,5
19901,5
19902,5
19903,5
19904,6
19905,3
19906,0
19907,6
19908,1
19909,0
19910,3
19911,2
19912,3
19913,6
19914,1
19915,6
19916,2
19917,0
19918,5
19919,4
19920,6
19921,2
19922,0
19923,0
19924,3
19925,2
19926,5
19927,5
19928,5
19929,0
19930,5
19931,6
19932,6
19933,5
19934,0
19935,0
19936,0
19937,4
19938,6
19939,4
19940,4
19941,0
19942,2
19943,0
19944,6
19945,5
19946,4
19947,6
19948,5
19949,5
19950,6
19951,6
19952,5
19953,6
19954,5
19955,6
19956,6
19957,6
19958,5
19959,1
19960,3
19961,6
19962,3
19963,5
19964,5
19965,0
19966,2
19967,6
19968,5
19969,5
19970,0
19971,6
19972,4
19973,6
19974,4
19975,6
19976,5
19977,6
19978,6
19979,0
19980,6
19981,0
19982,5
19983,1
19984,0
19985,6
19986,3
19987,5
19988,6
19989,3
19990,0
19991,5
19992,6
19993,0
19994,5
19995,6
19996,2
19997,3
19998,6
19999,3
20000,6
20001,6
20002,1
20003,5
20004,2
20005,0
20006,1
20007,2
20008,0
20009,1
20010,6
20011,6
20012,5
20013,5
20014,5
20015,0
20016,0
20017,6
20018,4
20019,5
20020,6
20021,2
20022,5
20023,6
20024,5
20025,3
20026,2
20027,5
20028,0
20029,4
20030,6
20031,6
20032,0
20033,6
20034,2
20035,5
20036,5
20037,0
20038,1
20039,5
20040,4
20041,5
20042,1
20043,2
20044,2
20045,1
20046,5
20047,3
20048,4
20049,1
20050,5
20051,5
20052,5
20053,0
20054,2
20055,5
20056,4
20057,0
20058,3
20059,4
20060,6
20061,0
20062,4
20063,5
20064,3
20065,3
20066,1
20067,1
20068,6
20069,0
20070,6
20071,5
20072,0
20073,0
20074,5
20075,0
20076,4
20077,0
20078,1
20079,0
20080,0
20081,4
20082,6
20083,2
20084,1
20085,5
20086,4
20087,2
20088,5
20089,2
20090,0
20091,3
20092,6
20093,5
20094,5
20095,5
20096,3
20097,6
20098,5
20099,1
20100,2
20101,5
20102,5
20103,5
20104,5
20105,2
20106,4
20107,5
20108,6
20109,0
20110,0
20111,2
20112,6
20113,2
20114,6
20115,6
20116,6
20117,2
20118,5
20119,5
20120,0
20121,3
20122,2
20123,1
20124,6
20125,1
20126,5
20127,3
20128,0
20129,5
20130,0
20131,1
20132,5
20133,6
20134,0
20135,1
20136,0
20137,3
20138,6
20139,0
20140,0
20141,6
20142,5
20143,5
20144,0
20145,5
20146,5
20147,0
20148,5
20149,0
20150,1
20151,2
20152,5
20153,5
20154,5
20155,5
20156,3
20157,2
20158,1
20159,3
20160,5
20161,2
20162,5
20163,6
20164,5
20165,0
20166,5
20167,0
20168,6
20169,5
20170,5
20171,5
20172,6
20173,4
20174,3
20175,6
20176,5
20177,5
20178,0
20179,0
20180,6
20181,6
20182,3
20183,6
20184,2
20185,3
20186,4
20187,6
20188,6
20189,0
20190,6
20191,3
20192,6
20193,0
20194,3
20195,6
20196,5
20197,5
20198,1
20199,6
20200,6
20201,6
20202,0
20203,0
20204,1
20205,6
20206,0
20207,5
20208,0
20209,3
20210,3
20211,3
20212,6
20213,3
20214,3
20215,0
20216,5
20217,0
20218,0
20219,6
20220,3
20221,5
20222,5
20223,6
20224,3
20225,2
20226,5
20227,5
20228,3
20229,1
20230,3
20231,0
20232,3
20233,6
20234,3
20235,0
20236,0
20237,0
20238,2
20239,5
20240,6
20241,6
20242,6
20243,4
20244,6
20245,6
20246,3
20247,6
20248,5
20249,4
20250,1
20251,5
20252,5
20253,6
20254,5
20255,5
20256,5
20257,3
20258,6
20259,5
20260,0
20261,5
20262,0
20263,3
20264,5
20265,5
20266,6
20267,0
20268,2
20269,6
20270,0
20271,6
20272,1
20273,1
20274,4
20275,5
20276,5
20277,6
20278,4
20279,6
20280,0
20281,5
20282,3
20283,2
20284,0
20285,6
20286,0
20287,3
20288,5
20289,5
20290,2
20291,0
20292,5
20293,2
20294,0
20295,5
20296,1
20297,6
20298,3
20299,4
20300,0
20301,5
20302,6
20303,6
20304,1
20305,6
20306,0
20307,1
20308,6
20309,0
20310,5
20311,5
20312,5
20313,5
20314,3
20315,6
20316,0
20317,0
20318,5
20319,6
20320,2
20321,5
20322,5
20323,5
20324,0
20325,0
20326,0
20327,3
20328,0
20329,5
20330,0
20331,0
20332,0
20333,6
20334,4
20335,0
20336,5
20337,5
20338,5
20339,4
20340,1
20341,0
20342,6
20343,5
20344,5
20345,6
20346,5
20347,2
20348,6
20349,5
20350,3
20351,4
20352,5
20353,6
20354,3
20355,2
20356,2
20357,0
20358,5
20359,6
20360,5
20361,5
20362,3
20363,5
20364,0
20365,2
20366,5
20367,5
20368,5
20369,5
20370,0
20371,4
20372,5
20373,5
20374,1
20375,5
20376,2
20377,5
20378,4
20379,6
20380,2
20381,5
20382,5
20383,0
20384,2
20385,0
20386,6
20387,5
20388,3
20389,6
20390,0
20391,5
20392,6
20393,0
20394,6
20395,5
20396,5
20397,1
20398,5
20399,5
20400,6
20401,0
20402,4
20403,0
20404,0
20405,6
20406,2
20407,2
20408,5
20409,6
20410,5
20411,5
20412,2
20413,4
20414,6
20415,5
20416,4
20417,6
20418,0
20419,1
20420,2
20421,6
20422,0
20423,2
20424,1
20425,3
20426,4
20427,5
20428,6
20429,5
20430,6
20431,5
20432,3
20433,2
20434,2
20435,6
20436,5
20437,0
20438,6
20439,4
20440,5
20441,6
20442,5
20443,6
20444,5
20445,3
20446,3
20447,2
20448,1
20449,5
20450,4
20451,3
20452,6
20453,5
20454,0
20455,3
20456,5
20457,1
20458,5
20459,6
20460,0
20461,5
20462,5
20463,0
20464,0
20465,6
20466,3
20467,5
20468,2
20469,0
20470,0
20471,5
20472,6
20473,5
20474,6
20475,5
20476,0
20477,6
20478,2
20479,2
20480,0
20481,5
20482,5
20483,5
20484,6
20485,3
20486,5
20487,3
20488,3
20489,5
20490,0
20491,3
20492,1
20493,2
20494,1
20495,1
20496,5
20497,5
20498,4
20499,5
20500,1
20501,2
20502,0
20503,0
20504,3
20505,0
20506,5
20507,1
20508,0
20509,3
20510,4
20511,1
20512,2
20513,5
20514,4
20515,3
20516,5
20517,6
20518,6
20519,0
20520,1
20521,0
20522,2
20523,0
20524,0
20525,0
20526,3
20527,3
20528,5
20529,3
20530,2
20531,5
20532,6
20533,0
20534,5
20535,6
20536,5
20537,6
20538,6
20539,4
20540,6
20541,3
20542,5
20543,5
20544,0
20545,1
20546,6
20547,6
20548,5
20549,5
20550,5
20551,5
20552,6
20553,5
20554,2
20555,4
20556,6
20557,5
20558,2
20559,6
20560,6
20561,0
20562,0
20563,6
20564,3
20565,0
20566,6
20567,6
20568,6
20569,1
20570,0
20571,4
20572,0
20573,1
20574,2
20575,5
20576,5
20577,0
20578,5
20579,3
20580,5
20581,5
20582,5
20583,0
20584,5
20585,0
20586,6
20587,0
20588,3
20589,1
20590,6
20591,0
20592,6
20593,0
20594,5
20595,5
20596,6
20597,5
20598,5
20599,6
20600,6
20601,1
20602,3
20603,4
20604,6
20605,6
20606,6
20607,6
20608,3
20609,6
20610,0
20611,2
20612,4
20613,5
20614,3
20615,1
20616,5
20617,6
20618,1
20619,0
20620,4
20621,2
20622,6
20623,3
20624,0
20625,5
20626,5
20627,5
20628,3
20629,5
20630,5
20631,3
20632,5
20633,6
20634,6
20635,1
20636,1
20637,3
20638,3
20639,6
20640,5
20641,5
20642,0
20643,2
20644,5
20645,5
20646,5
20647,6
20648,3
20649,5
20650,5
20651,5
20652,5
20653,5
20654,6
20655,3
20656,4
20657,2
20658,5
20659,6
20660,0
20661,5
20662,2
20663,6
20664,5
20665,3
20666,6
20667,5
20668,2
20669,0
20670,1
20671,6
20672,6
20673,6
20674,5
20675,5
20676,2
20677,6
20678,0
20679,5
20680,5
20681,3
20682,5
20683,5
20684,5
20685,5
20686,3
20687,5
20688,2
20689,0
20690,4
20691,3
20692,6
20693,5
20694,5
20695,2
20696,4
20697,4
20698,6
20699,6
20700,1
20701,3
20702,0
20703,0
20704,2
20705,5
20706,5
20707,5
20708,0
20709,5
20710,6
20711,4
20712,6
20713,5
20714,3
20715,5
20716,6
20717,3
20718,4
20719,5
20720,1
20721,1
20722,2
20723,0
20724,2
20725,4
20726,0
20727,5
20728,3
20729,5
20730,3
20731,5
20732,0
20733,5
20734,5
20735,5
20736,6
20737,6
20738,6
20739,3
20740,6
20741,2
20742,6
20743,5
20744,5
20745,2
20746,5
20747,4
20748,6
20749,6
20750,5
20751,5
20752,5
20753,0
20754,1
20755,0
20756,5
20757,2
20758,5
20759,5
20760,0
20761,5
20762,6
20763,5
20764,0
20765,1
20766,5
20767,6
20768,0
20769,1
20770,6
20771,6
20772,0
20773,0
20774,5
20775,4
20776,0
20777,3
20778,6
20779,2
20780,5
20781,2
20782,6
20783,2
20784,5
20785,0
20786,3
20787,5
20788,5
20789,3
20790,3
20791,0
20792,6
20793,3
20794,0
20795,1
20796,5
20797,5
20798,4
20799,5
20800,3
20801,5
20802,5
20803,6
20804,6
20805,5
20806,4
20807,5
20808,5
20809,6
20810,5
20811,5
20812,5
20813,3
20814,3
20815,0
20816,6
20817,2
20818,6
20819,5
20820,5
20821,5
20822,6
20823,5
20824,6
20825,6
20826,0
20827,5
20828,5
20829,5
20830,6
20831,4
20832,5
20833,6
20834,4
20835,3
20836,5
20837,5
20838,3
20839,6
20840,6
20841,3
20842,5
20843,0
20844,6
20845,5
20846,0
20847,3
20848,6
20849,2
20850,2
20851,1
20852,5
20853,6
20854,0
20855,5
20856,6
20857,0
20858,0
20859,5
20860,5
20861,5
20862,4
20863,0
20864,6
20865,6
20866,0
20867,5
20868,6
20869,6
20870,6
20871,3
20872,6
20873,4
20874,0
20875,5
20876,2
20877,0
20878,6
20879,0
20880,5
20881,6
20882,4
20883,0
20884,2
20885,1
20886,3
20887,3
20888,4
20889,3
20890,6
20891,0
20892,3
20893,3
20894,2
20895,3
20896,1
20897,5
20898,5
20899,6
20900,0
20901,6
20902,3
20903,6
20904,6
20905,1
20906,5
20907,5
20908,0
20909,2
20910,6
20911,2
20912,5
20913,3
20914,1
20915,3
20916,0
20917,1
20918,5
20919,5
20920,5
20921,5
20922,6
20923,3
20924,5
20925,1
20926,5
20927,1
20928,5
20929,0
20930,3
20931,3
20932,2
20933,4
20934,6
20935,0
20936,6
20937,3
20938,3
20939,0
20940,6
20941,0
20942,5
20943,3
20944,5
20945,5
20946,5
20947,6
20948,6
20949,5
20950,5
20951,3
20952,5
20953,3
20954,5
20955,4
20956,0
20957,5
20958,1
20959,3
20960,6
20961,6
20962,3
20963,6
20964,5
20965,3
20966,6
20967,3
20968,1
20969,1
20970,5
20971,3
20972,6
20973,6
20974,5
20975,0
20976,5
20977,0
20978,2
20979,5
20980,6
20981,2
20982,0
20983,4
20984,3
20985,1
20986,5
20987,4
20988,3
20989,3
20990,6
20991,5
20992,2
20993,5
20994,5
20995,3
20996,0
20997,5
20998,6
20999,2
21000,2
21001,0
21002,5
21003,3
21004,6
21005,5
21006,5
21007,5
21008,2
21009,6
21010,0
21011,5
21012,0
21013,5
21014,3
21015,6
21016,5
21017,3
21018,5
21019,0
21020,5
21021,3
21022,5
21023,6
21024,0
21025,6
21026,0
21027,0
21028,0
21029,4
21030,5
21031,6
21032,4
21033,5
21034,5
21035,0
21036,0
21037,5
21038,0
21039,6
21040,5
21041,5
21042,6
21043,5
21044,3
21045,3
21046,1
21047,6
21048,5
21049,6
21050,0
21051,0
21052,2
21053,5
21054,5
21055,5
21056,5
21057,0
21058,6
21059,5
21060,5
21061,3
21062,5
21063,5
21064,1
21065,5
21066,3
21067,1
21068,5
21069,0
21070,6
21071,6
21072,6
21073,6
21074,5
21075,6
21076,6
21077,1
21078,0
21079,6
21080,0
21081,5
21082,6
21083,3
21084,5
21085,5
21086,5
21087,3
21088,5
21089,6
21090,5
21091,6
21092,5
21093,5
21094,4
21095,6
21096,0
21097,2
21098,5
21099,3
21100,2
21101,6
21102,0
21103,5
21104,3
21105,3
21106,6
21107,5
21108,5
21109,2
21110,5
21111,6
21112,1
21113,3
21114,1
21115,2
21116,0
21117,5
21118,2
21119,2
21120,2
21121,6
21122,2
21123,6
21124,5
21125,3
21126,6
21127,1
21128,5
21129,5
21130,5
21131,6
21132,0
21133,0
21134,5
21135,0
21136,5
21137,0
21138,4
21139,4
21140,0
21141,4
21142,1
21143,1
21144,3
21145,2
21146,6
21147,3
21148,2
21149,0
21150,5
21151,6
21152,3
21153,3
21154,5
21155,5
21156,1
21157,6
21158,5
21159,6
21160,6
21161,0
21162,5
21163,0
21164,3
21165,6
21166,1
21167,0
21168,3
21169,0
21170,0
21171,6
21172,1
21173,2
21174,4
21175,1
21176,5
21177,3
21178,5
21179,0
21180,0
21181,2
21182,5
21183,3
21184,4
21185,4
21186,6
21187,1
21188,3
21189,6
21190,1
21191,0
21192,3
21193,3
21194,5
21195,4
21196,5
21197,6
21198,0
21199,1
21200,5
21201,0
21202,6
21203,0
21204,6
21205,4
21206,0
21207,5
21208,1
21209,3
21210,6
21211,1
21212,6
21213,5
21214,3
21215,6
21216,6
21217,0
21218,6
21219,3
21220,0
21221,0
21222,5
21223,5
21224,4
21225,5
21226,6
21227,0
21228,3
21229,6
21230,5
21231,3
21232,3
21233,0
21234,6
21235,6
21236,6
21237,5
21238,5
21239,5
21240,6
21241,6
21242,0
21243,0
21244,0
21245,0
21246,5
21247,0
21248,2
21249,1
21250,6
21251,5
21252,5
21253,5
21254,5
21255,3
21256,0
21257,1
21258,5
21259,6
21260,3
21261,6
21262,5
21263,6
21264,5
21265,6
21266,1
21267,5
21268,6
21269,0
21270,2
21271,3
21272,5
21273,5
21274,0
21275,5
21276,6
21277,0
21278,6
21279,0
21280,5
21281,5
21282,5
21283,6
21284,3
21285,5
21286,5
21287,0
21288,5
21289,1
21290,3
21291,5
21292,5
21293,3
21294,3
21295,5
21296,5
21297,5
21298,0
21299,5
21300,0
21301,6
21302,5
21303,5
21304,5
21305,5
21306,5
21307,5
21308,5
21309,6
21310,5
21311,6
21312,0
21313,5
21314,5
21315,3
21316,0
21317,5
21318,5
21319,0
21320,5
21321,5
21322,6
21323,3
21324,0
21325,5
21326,5
21327,2
21328,3
21329,2
21330,5
21331,6
21332,5
21333,0
21334,4
21335,4
21336,3
21337,3
21338,1
21339,3
21340,3
21341,3
21342,3
21343,6
21344,1
21345,6
21346,2
21347,6
21348,5
21349,5
21350,1
21351,6
21352,4
21353,5
21354,0
21355,6
21356,1
21357,6
21358,6
21359,5
21360,3
21361,5
21362,4
21363,5
21364,5
21365,2
21366,6
21367,3
21368,3
21369,5
21370,2
21371,5
21372,5
21373,5
21374,0
21375,5
21376,0
21377,4
21378,0
21379,6
21380,5
21381,1
21382,6
21383,0
21384,5
21385,5
21386,0
21387,6
21388,0
21389,3
21390,2
21391,3
21392,0
21393,4
21394,6
21395,5
21396,6
21397,5
21398,5
21399,0
21400,6
21401,3
21402,3
21403,6
21404,2
21405,6
21406,1
21407,5
21408,4
21409,3
21410,6
21411,1
21412,3
21413,4
21414,0
21415,6
21416,6
21417,4
21418,0
21419,6
21420,5
21421,3
21422,2
21423,4
21424,6
21425,2
21426,0
21427,6
21428,5
21429,4
21430,2
21431,6
21432,5
21433,6
21434,0
21435,6
21436,3
21437,6
21438,3
21439,1
21440,5
21441,3
21442,5
21443,5
21444,4
21445,5
21446,6
21447,6
21448,0
21449,6
21450,1
21451,5
21452,6
21453,1
21454,2
21455,5
21456,1
21457,6
21458,3
21459,0
21460,0
21461,5
21462,0
21463,3
21464,3
21465,5
21466,1
21467,3
21468,0
21469,5
21470,3
21471,6
21472,0
21473,5
21474,5
21475,6
21476,2
21477,6
21478,0
21479,6
21480,5
21481,4
21482,0
21483,5
21484,0
21485,5
21486,6
21487,0
21488,6
21489,5
21490,5
21491,4
21492,1
21493,0
21494,3
21495,3
21496,0
21497,0
21498,5
21499,5
21500,5
21501,6
21502,6
21503,6
21504,6
21505,6
21506,0
21507,6
21508,0
21509,5
21510,2
21511,5
21512,3
21513,6
21514,2
21515,3
21516,1
21517,5
21518,2
21519,1
21520,4
21521,6
21522,3
21523,0
21524,3
21525,0
21526,0
21527,5
21528,0
21529,5
21530,4
21531,6
21532,6
21533,1
21534,6
21535,5
21536,5
21537,5
21538,5
21539,2
21540,5
21541,0
21542,6
21543,5
21544,6
21545,2
21546,4
21547,5
21548,2
21549,0
21550,0
21551,0
21552,5
21553,5
21554,3
21555,6
21556,1
21557,3
21558,0
21559,2
21560,5
21561,5
21562,5
21563,5
21564,5
21565,0
21566,5
21567,3
21568,4
21569,1
21570,5
21571,0
21572,4
21573,3
21574,5
21575,0
21576,1
21577,5
21578,6
21579,1
21580,6
21581,0
21582,2
21583,6
21584,5
21585,6
21586,0
21587,0
21588,6
21589,3
21590,0
21591,0
21592,5
21593,3
21594,5
21595,3
21596,5
21597,6
21598,2
21599,3
21600,6
21601,2
21602,0
21603,1
21604,2
21605,5
21606,3
21607,6
21608,6
21609,0
21610,0
21611,0
21612,6
21613,5
21614,0
21615,5
21616,0
21617,3
21618,1
21619,2
21620,3
21621,0
21622,1
21623,4
21624,0
21625,0
21626,3
21627,0
21628,5
21629,5
21630,6
21631,5
21632,0
21633,6
21634,6
21635,1
21636,0
21637,1
21638,5
21639,6
21640,0
21641,5
21642,2
21643,5
21644,0
21645,4
21646,3
21647,6
21648,5
21649,5
21650,5
21651,5
21652,6
21653,5
21654,5
21655,5
21656,4
21657,3
21658,2
21659,3
21660,6
21661,3
21662,0
21663,5
21664,5
21665,3
21666,6
21667,1
21668,5
21669,0
21670,5
21671,2
21672,5
21673,1
21674,6
21675,0
21676,6
21677,5
21678,6
21679,3
21680,5
21681,2
21682,5
21683,6
21684,3
21685,3
21686,3
21687,6
21688,0
21689,5
21690,5
21691,5
21692,2
21693,5
21694,5
21695,5
21696,1
21697,2
21698,5
21699,0
21700,6
21701,4
21702,6
21703,2
21704,2
21705,2
21706,0
21707,5
21708,1
21709,3
21710,0
21711,6
21712,4
21713,5
21714,2
21715,5
21716,0
21717,5
21718,5
21719,4
21720,3
21721,1
21722,5
21723,6
21724,5
21725,0
21726,5
21727,3
21728,5
21729,5
21730,3
21731,6
21732,6
21733,6
21734,0
21735,5
21736,2
21737,5
21738,4
21739,0
21740,0
21741,1
21742,3
21743,1
21744,3
21745,6
21746,0
21747,2
21748,5
21749,2
21750,1
21751,4
21752,1
21753,1
21754,5
21755,0
21756,5
21757,0
21758,5
21759,0
21760,6
21761,4
21762,0
21763,6
21764,2
21765,6
21766,6
21767,6
21768,5
21769,5
21770,3
21771,2
21772,2
21773,2
21774,5
21775,1
21776,5
21777,0
21778,0
21779,0
21780,3
21781,1
21782,5
21783,1
21784,6
21785,3
21786,1
21787,2
21788,6
21789,3
21790,5
21791,0
21792,2
21793,0
21794,0
21795,6
21796,3
21797,0
21798,0
21799,5
21800,5
21801,3
21802,5
21803,6
21804,5
21805,0
21806,0
21807,6
21808,0
21809,6
21810,0
21811,6
21812,2
21813,5
21814,5
21815,6
21816,3
21817,0
21818,0
21819,6
21820,3
21821,5
21822,3
21823,0
21824,3
21825,5
21826,6
21827,5
21828,6
21829,6
21830,2
21831,4
21832,3
21833,5
21834,5
21835,0
21836,5
21837,3
21838,4
21839,5
21840,5
21841,5
21842,2
21843,5
21844,1
21845,3
21846,2
21847,6
21848,5
21849,3
21850,3
21851,3
21852,5
21853,1
21854,3
21855,3
21856,6
21857,3
21858,6
21859,4
21860,0
21861,5
21862,2
21863,0
21864,6
21865,2
21866,0
21867,6
21868,4
21869,2
21870,0
21871,3
21872,0
21873,5
21874,5
21875,6
21876,6
21877,6
21878,5
21879,6
21880,5
21881,5
21882,2
21883,6
21884,4
21885,0
21886,2
21887,6
21888,5
21889,5
21890,6
21891,1
21892,1
21893,5
21894,3
21895,6
21896,5
21897,5
21898,6
21899,5
21900,3
21901,5
21902,3
21903,0
21904,3
21905,5
21906,5
21907,6
21908,5
21909,5
21910,6
21911,5
21912,5
21913,6
21914,5
21915,6
21916,0
21917,0
21918,3
21919,6
21920,6
21921,6
21922,5
21923,5
21924,3
21925,5
21926,0
21927,1
21928,6
21929,1
21930,2
21931,2
21932,2
21933,5
21934,6
21935,6
21936,5
21937,5
21938,3
21939,1
21940,2
21941,5
21942,3
21943,1
21944,5
21945,3
21946,6
21947,5
21948,6
21949,5
21950,3
21951,1
21952,0
21953,3
21954,0
21955,6
21956,3
21957,5
21958,5
21959,4
21960,3
21961,2
21962,5
21963,5
21964,0
21965,3
21966,5
21967,0
21968,2
21969,2
21970,6
21971,6
21972,3
21973,5
21974,6
21975,6
21976,1
21977,2
21978,2
21979,5
21980,0
21981,0
21982,6
21983,2
21984,3
21985,6
21986,5
21987,3
21988,6
21989,6
21990,3
21991,5
21992,0
21993,6
21994,4
21995,3
21996,6
21997,0
21998,5
21999,3
22000,5
22001,0
22002,5
22003,1
22004,3
22005,6
22006,6
22007,5
22008,5
22009,3
22010,1
22011,6
22012,2
22013,3
22014,3
22015,5
22016,0
22017,0
22018,5
22019,5
22020,1
22021,6
22022,5
22023,5
22024,5
22025,6
22026,3
22027,1
22028,2
22029,3
22030,5
22031,1
22032,0
22033,6
22034,0
22035,3
22036,0
22037,5
22038,0
22039,1
22040,6
22041,0
22042,5
22043,1
22044,2
22045,5
22046,1
22047,3
22048,3
22049,5
22050,2
22051,0
22052,3
22053,3
22054,3
22055,0
22056,0
22057,3
22058,3
22059,3
22060,3
22061,6
22062,6
22063,6
22064,6
22065,6
22066,6
22067,3
22068,5
22069,2
22070,4
22071,3
22072,6
22073,1
22074,6
22075,5
22076,0
22077,6
22078,2
22079,5
22080,3
22081,0
22082,3
22083,1
22084,3
22085,5
22086,0
22087,5
22088,5
22089,5
22090,2
22091,5
22092,6
22093,6
22094,5
22095,1
22096,2
22097,5
22098,5
22099,6
22100,0
22101,5
22102,6
22103,3
22104,0
22105,5
22106,3
22107,0
22108,1
22109,0
22110,5
22111,0
22112,5
22113,6
22114,0
22115,3
22116,0
22117,0
22118,6
22119,6
22120,5
22121,3
22122,5
22123,5
22124,5
22125,4
22126,2
22127,0
22128,1
22129,5
22130,2
22131,5
22132,2
22133,2
22134,3
22135,4
22136,5
22137,2
22138,0
22139,5
22140,6
22141,5
22142,5
22143,0
22144,6
22145,0
22146,6
22147,2
22148,5
22149,5
22150,3
22151,6
22152,1
22153,4
22154,6
22155,6
22156,0
22157,5
22158,4
22159,2
22160,6
22161,5
22162,2
22163,6
22164,6
22165,5
22166,2
22167,6
22168,6
22169,0
22170,6
22171,5
22172,6
22173,5
22174,3
22175,5
22176,0
22177,5
22178,3
22179,1
22180,5
22181,6
22182,5
22183,1
22184,6
22185,0
22186,5
22187,2
22188,5
22189,2
22190,1
22191,2
22192,4
22193,3
22194,0
22195,5
22196,4
22197,1
22198,5
22199,2
22200,3
22201,6
22202,5
22203,6
22204,0
22205,3
22206,0
22207,0
22208,2
22209,4
22210,6
22211,3
22212,3
22213,1
22214,1
22215,0
22216,3
22217,6
22218,6
22219,1
22220,4
22221,1
22222,1
22223,3
22224,0
22225,5
22226,5
22227,2
22228,1
22229,5
22230,5
22231,6
22232,2
22233,6
22234,2
22235,2
22236,4
22237,2
22238,0
22239,0
22240,3
22241,6
22242,6
22243,2
22244,5
22245,6
22246,5
22247,3
22248,0
22249,6
22250,6
22251,6
22252,3
22253,3
22254,3
22255,1
22256,0
22257,3
22258,0
22259,3
22260,5
22261,6
22262,0
22263,2
22264,5
22265,5
22266,5
22267,3
22268,5
22269,6
22270,5
22271,6
22272,0
22273,0
22274,5
22275,5
22276,3
22277,1
22278,5
22279,6
22280,1
22281,2
22282,1
22283,3
22284,4
22285,5
22286,6
22287,6
22288,5
22289,5
22290,6
22291,2
22292,0
22293,2
22294,0
22295,5
22296,5
22297,3
22298,6
22299,3
22300,0
22301,2
22302,5
22303,6
22304,2
22305,1
22306,2
22307,1
22308,1
22309,6
22310,5
22311,5
22312,3
22313,5
22314,5
22315,5
22316,5
22317,2
22318,3
22319,2
22320,1
22321,5
22322,0
22323,6
22324,5
22325,6
22326,3
22327,3
22328,5
22329,3
22330,5
22331,5
22332,5
22333,6
22334,5
22335,2
22336,5
22337,1
22338,0
22339,5
22340,3
22341,3
22342,0
22343,0
22344,5
22345,2
22346,3
22347,5
22348,3
22349,5
22350,0
22351,5
22352,6
22353,5
22354,5
22355,4
22356,4
22357,3
22358,6
22359,5
22360,2
22361,3
22362,5
22363,0
22364,3
22365,0
22366,4
22367,1
22368,2
22369,5
22370,5
22371,5
22372,3
22373,5
22374,6
22375,5
22376,0
22377,6
22378,6
22379,2
22380,5
22381,6
22382,2
22383,6
22384,0
22385,0
22386,0
22387,0
22388,3
22389,6
22390,5
22391,2
22392,2
22393,4
22394,2
22395,1
22396,2
22397,6
22398,6
22399,6
22400,5
22401,1
22402,5
22403,5
22404,2
22405,5
22406,5
22407,6
22408,6
22409,6
22410,5
22411,0
22412,2
22413,5
22414,2
22415,0
22416,3
22417,0
22418,5
22419,0
22420,5
22421,1
22422,3
22423,0
22424,0
22425,2
22426,4
22427,4
22428,5
22429,1
22430,5
22431,1
22432,2
22433,6
22434,0
22435,3
22436,0
22437,3
22438,6
22439,2
22440,5
22441,5
22442,5
22443,6
22444,0
22445,5
22446,1
22447,1
22448,5
22449,5
22450,1
22451,3
22452,5
22453,6
22454,5
22455,1
22456,6
22457,6
22458,5
22459,0
22460,2
22461,5
22462,6
22463,1
22464,0
22465,6
22466,6
22467,0
22468,0
22469,5
22470,1
22471,0
22472,5
22473,0
22474,6
22475,0
22476,0
22477,6
22478,2
22479,0
22480,0
22481,2
22482,6
22483,5
22484,0
22485,6
22486,3
22487,2
22488,0
22489,5
22490,5
22491,6
22492,5
22493,2
22494,2
22495,6
22496,0
22497,3
22498,2
22499,5
22500,0
22501,1
22502,5
22503,6
22504,3
22505,6
22506,5
22507,5
22508,2
22509,5
22510,5
22511,0
22512,6
22513,0
22514,6
22515,5
22516,2
22517,0
22518,5
22519,6
22520,5
22521,3
22522,3
22523,5
22524,4
22525,5
22526,0
22527,5
22528,5
22529,2
22530,1
22531,5
22532,0
22533,3
22534,5
22535,3
22536,5
22537,5
22538,1
22539,6
22540,5
22541,6
22542,0
22543,5
22544,6
22545,6
22546,5
22547,3
22548,3
22549,6
22550,6
22551,3
22552,6
22553,5
22554,5
22555,0
22556,5
22557,0
22558,5
22559,6
22560,4
22561,6
22562,6
22563,0
22564,6
22565,6
22566,5
22567,5
22568,3
22569,6
22570,5
22571,3
22572,5
22573,0
22574,5
22575,6
22576,6
22577,5
22578,3
22579,5
22580,2
22581,2
22582,5
22583,2
22584,6
22585,0
22586,6
22587,6
22588,6
22589,5
22590,3
22591,6
22592,5
22593,6
22594,3
22595,6
22596,2
22597,6
22598,0
22599,0
22600,3
22601,3
22602,0
22603,4
22604,5
22605,6
22606,1
22607,1
22608,3
22609,6
22610,5
22611,0
22612,2
22613,4
22614,5
22615,6
22616,5
22617,0
22618,5
22619,0
22620,0
22621,3
22622,5
22623,5
22624,5
22625,3
22626,6
22627,0
22628,0
22629,5
22630,0
22631,6
22632,2
22633,6
22634,5
22635,5
22636,3
22637,6
22638,0
22639,3
22640,5
22641,0
22642,3
22643,6
22644,5
22645,3
22646,6
22647,2
22648,6
22649,5
22650,0
22651,0
22652,5
22653,5
22654,6
22655,1
22656,5
22657,1
22658,5
22659,6
22660,1
22661,1
22662,0
22663,0
22664,0
22665,2
22666,5
22667,6
22668,4
22669,6
22670,5
22671,5
22672,6
22673,3
22674,6
22675,0
22676,6
22677,6
22678,6
22679,5
22680,5
22681,0
22682,6
22683,4
22684,0
22685,6
22686,5
22687,0
22688,0
22689,2
22690,5
22691,0
22692,2
22693,3
22694,6
22695,3
22696,5
22697,6
22698,2
22699,6
22700,5
22701,2
22702,5
22703,2
22704,2
22705,2
22706,5
22707,3
22708,4
22709,3
22710,0
22711,2
22712,3
22713,5
22714,5
22715,1
22716,5
22717,1
22718,6
22719,3
22720,4
22721,6
22722,5
22723,0
22724,6
22725,5
22726,0
22727,1
22728,5
22729,4
22730,5
22731,2
22732,5
22733,3
22734,1
22735,1
22736,2
22737,5
22738,1
22739,3
22740,6
22741,6
22742,6
22743,6
22744,5
22745,3
22746,3
22747,0
22748,0
22749,4
22750,0
22751,5
22752,6
22753,6
22754,0
22755,5
22756,5
22757,2
22758,5
22759,2
22760,0
22761,5
22762,5
22763,6
22764,5
22765,2
22766,3
22767,0
22768,5
22769,2
22770,5
22771,5
22772,0
22773,6
22774,0
22775,1
22776,5
22777,3
22778,5
22779,2
22780,2
22781,6
22782,3
22783,1
22784,3
22785,4
22786,3
22787,0
22788,0
22789,6
22790,1
22791,5
22792,6
22793,0
22794,3
22795,0
22796,2
22797,2
22798,3
22799,6
22800,5
22801,2
22802,5
22803,6
22804,5
22805,0
22806,6
22807,1
22808,3
22809,0
22810,2
22811,1
22812,6
22813,5
22814,5
22815,5
22816,3
22817,5
22818,5
22819,2
22820,5
22821,5
22822,6
22823,0
22824,0
22825,3
22826,1
22827,3
22828,5
22829,5
22830,0
22831,5
22832,5
22833,2
22834,6
22835,6
22836,3
22837,0
22838,5
22839,5
22840,6
22841,1
22842,2
22843,1
22844,5
22845,3
22846,5
22847,3
22848,6
22849,6
22850,6
22851,0
22852,3
22853,6
22854,1
22855,6
22856,6
22857,0
22858,3
22859,5
22860,2
22861,5
22862,3
22863,0
22864,3
22865,0
22866,6
22867,5
22868,5
22869,0
22870,5
22871,5
22872,6
22873,3
22874,2
22875,6
22876,6
22877,5
22878,5
22879,6
22880,0
22881,6
22882,0
22883,5
22884,5
22885,0
22886,5
22887,3
22888,5
22889,5
22890,6
22891,3
22892,0
22893,1
22894,4
22895,0
22896,2
22897,0
22898,5
22899,0
22900,0
22901,5
22902,3
22903,0
22904,0
22905,6
22906,5
22907,0
22908,6
22909,3
22910,5
22911,0
22912,3
22913,4
22914,1
22915,1
22916,6
22917,0
22918,2
22919,2
22920,0
22921,3
22922,3
22923,2
22924,5
22925,0
22926,2
22927,3
22928,5
22929,0
22930,5
22931,6
22932,5
22933,0
22934,3
22935,3
22936,5
22937,6
22938,1
22939,5
22940,5
22941,0
22942,5
22943,0
22944,2
22945,5
22946,5
22947,0
22948,6
22949,1
22950,6
22951,6
22952,6
22953,0
22954,0
22955,0
22956,0
22957,3
22958,5
22959,2
22960,3
22961,1
22962,5
22963,3
22964,3
22965,5
22966,6
22967,3
22968,2
22969,5
22970,1
22971,6
22972,5
22973,6
22974,0
22975,5
22976,3
22977,1
22978,6
22979,2
22980,0
22981,6
22982,3
22983,6
22984,6
22985,2
22986,5
22987,4
22988,1
22989,6
22990,1
22991,1
22992,1
22993,5
22994,5
22995,0
22996,5
22997,6
22998,5
22999,5
23000,5
23001,0
23002,6
23003,6
23004,5
23005,5
23006,3
23007,6
23008,5
23009,5
23010,1
23011,5
23012,5
23013,0
23014,6
23015,6
23016,3
23017,6
23018,0
23019,6
23020,4
23021,5
23022,3
23023,2
23024,3
23025,6
23026,5
23027,0
23028,5
23029,2
23030,6
23031,4
23032,4
23033,0
23034,4
23035,5
23036,5
23037,6
23038,2
23039,3
23040,1
23041,5
23042,1
23043,3
23044,0
23045,5
23046,0
23047,0
23048,6
23049,1
23050,3
23051,5
23052,0
23053,0
23054,5
23055,6
23056,5
23057,5
23058,1
23059,6
23060,1
23061,0
23062,3
23063,0
23064,5
23065,3
23066,0
23067,6
23068,4
23069,5
23070,4
23071,5
23072,3
23073,1
23074,5
23075,6
23076,6
23077,6
23078,0
23079,4
23080,5
23081,5
23082,0
23083,6
23084,5
23085,6
23086,0
23087,5
23088,5
23089,5
23090,1
23091,3
23092,1
23093,5
23094,5
23095,3
23096,2
23097,5
23098,4
23099,6
23100,3
23101,6
23102,3
23103,4
23104,5
23105,5
23106,5
23107,1
23108,6
23109,3
23110,6
23111,5
23112,5
23113,5
23114,6
23115,0
23116,5
23117,6
23118,0
23119,3
23120,3
23121,5
23122,1
23123,4
23124,5
23125,0
23126,2
23127,2
23128,5
23129,2
23130,2
23131,0
23132,2
23133,6
23134,5
23135,2
23136,5
23137,5
23138,2
23139,2
23140,3
23141,0
23142,5
23143,6
23144,1
23145,0
23146,5
23147,5
23148,3
23149,6
23150,1
23151,5
23152,5
23153,3
23154,2
23155,3
23156,3
23157,6
23158,3
23159,5
23160,6
23161,3
23162,6
23163,5
23164,5
23165,5
23166,3
23167,2
23168,5
23169,5
23170,5
23171,3
23172,6
23173,0
23174,3
23175,6
23176,2
23177,6
23178,5
23179,5
23180,5
23181,0
23182,6
23183,5
23184,0
23185,3
23186,4
23187,6
23188,5
23189,3
23190,2
23191,0
23192,5
23193,6
23194,1
23195,1
23196,5
23197,5
23198,1
23199,5
23200,0
23201,2
23202,5
23203,5
23204,5
23205,5
23206,5
23207,1
23208,5
23209,1
23210,4
23211,5
23212,6
23213,0
23214,2
23215,0
23216,5
23217,0
23218,6
23219,3
23220,5
23221,2
23222,2
23223,5
23224,3
23225,6
23226,6
23227,1
23228,5
23229,3
23230,3
23231,3
23232,6
23233,1
23234,2
23235,5
23236,5
23237,5
23238,2
23239,0
23240,5
23241,5
23242,6
23243,5
23244,1
23245,5
23246,5
23247,3
23248,6
23249,2
23250,5
23251,5
23252,5
23253,5
23254,5
23255,2
23256,0
23257,0
23258,4
23259,6
23260,6
23261,6
23262,5
23263,5
23264,6
23265,2
23266,5
23267,6
23268,1
23269,5
23270,6
23271,5
23272,6
23273,5
23274,1
23275,1
23276,0
23277,6
23278,1
23279,5
23280,5
23281,4
23282,5
23283,6
23284,1
23285,0
23286,5
23287,4
23288,3
23289,0
23290,1
23291,0
23292,6
23293,3
23294,0
23295,6
23296,2
23297,4
23298,5
23299,0
23300,2
23301,5
23302,4
23303,5
23304,5
23305,0
23306,1
23307,6
23308,2
23309,6
23310,5
23311,2
23312,1
23313,4
23314,3
23315,6
23316,0
23317,0
23318,4
23319,0
23320,6
23321,3
23322,1
23323,0
23324,5
23325,6
23326,6
23327,4
23328,4
23329,6
23330,6
23331,1
23332,5
23333,6
23334,6
23335,6
23336,2
23337,3
23338,6
23339,5
23340,1
23341,6
23342,2
23343,2
23344,0
23345,6
23346,3
23347,2
23348,6
23349,3
23350,3
23351,1
23352,5
23353,5
23354,6
23355,0
23356,6
23357,0
23358,5
23359,5
23360,0
23361,6
23362,0
23363,0
23364,5
23365,2
23366,0
23367,2
23368,2
23369,2
23370,2
23371,2
23372,5
23373,5
23374,6
23375,6
23376,5
23377,5
23378,6
23379,0
23380,6
23381,5
23382,2
23383,5
23384,4
23385,6
23386,1
23387,4
23388,2
23389,5
23390,2
23391,6
23392,5
23393,1
23394,6
23395,3
23396,6
23397,2
23398,5
23399,5
23400,5
23401,0
23402,0
23403,2
23404,5
23405,6
23406,5
23407,6
23408,1
23409,5
23410,0
23411,5
23412,6
23413,0
23414,5
23415,6
23416,1
23417,4
23418,5
23419,3
23420,1
23421,0
23422,6
23423,2
23424,2
23425,1
23426,6
23427,6
23428,0
23429,2
23430,5
23431,6
23432,5
23433,1
23434,0
23435,3
23436,4
23437,6
23438,4
23439,6
23440,5
23441,3
23442,1
23443,0
23444,6
23445,6
23446,2
23447,2
23448,6
23449,0
23450,0
23451,5
23452,5
23453,2
23454,0
23455,6
23456,5
23457,0
23458,5
23459,6
23460,5
23461,1
23462,5
23463,4
23464,6
23465,6
23466,2
23467,6
23468,6
23469,5
23470,1
23471,3
23472,5
23473,6
23474,0
23475,3
23476,0
23477,0
23478,5
23479,1
23480,6
23481,6
23482,6
23483,5
23484,0
23485,6
23486,5
23487,0
23488,3
23489,2
23490,0
23491,6
23492,4
23493,1
23494,0
23495,1
23496,0
23497,3
23498,0
23499,6
23500,5
23501,0
23502,3
23503,2
23504,4
23505,5
23506,3
23507,6
23508,6
23509,5
23510,4
23511,2
23512,6
23513,6
23514,0
23515,0
23516,5
23517,6
23518,6
23519,5
23520,6
23521,2
23522,0
23523,6
23524,0
23525,0
23526,3
23527,5
23528,2
23529,5
23530,3
23531,0
23532,6
23533,2
23534,0
23535,5
23536,3
23537,1
23538,2
23539,3
23540,4
23541,3
23542,5
23543,5
23544,0
23545,2
23546,3
23547,1
23548,5
23549,6
23550,5
23551,5
23552,0
23553,1
23554,1
23555,3
23556,3
23557,4
23558,0
23559,5
23560,0
23561,0
23562,1
23563,5
23564,5
23565,2
23566,3
23567,3
23568,0
23569,4
23570,5
23571,5
23572,5
23573,5
23574,6
23575,3
23576,5
23577,5
23578,5
23579,6
23580,6
23581,0
23582,3
23583,5
23584,6
23585,5
23586,5
23587,5
23588,5
23589,1
23590,3
23591,5
23592,5
23593,3
23594,4
23595,5
23596,2
23597,1
23598,2
23599,2
23600,6
23601,6
23602,5
23603,2
23604,6
23605,3
23606,3
23607,5
23608,1
23609,0
23610,0
23611,3
23612,5
23613,6
23614,5
23615,6
23616,6
23617,6
23618,3
23619,5
23620,5
23621,5
23622,5
23623,4
23624,0
23625,5
23626,6
23627,0
23628,5
23629,6
23630,4
23631,6
23632,2
23633,1
23634,3
23635,6
23636,0
23637,0
23638,6
23639,3
23640,0
23641,2
23642,3
23643,3
23644,6
23645,0
23646,6
23647,5
23648,5
23649,1
23650,1
23651,5
23652,6
23653,5
23654,5
23655,5
23656,3
23657,5
23658,5
23659,1
23660,0
23661,0
23662,1
23663,6
23664,0
23665,1
23666,6
23667,3
23668,5
23669,0
23670,6
23671,5
23672,6
23673,3
23674,5
23675,0
23676,5
23677,6
23678,2
23679,3
23680,6
23681,5
23682,1
23683,0
23684,1
23685,5
23686,6
23687,6
23688,5
23689,6
23690,1
23691,5
23692,6
23693,3
23694,6
23695,6
23696,6
23697,6
23698,5
23699,1
23700,4
23701,1
23702,5
23703,6
23704,5
23705,6
23706,6
23707,5
23708,0
23709,6
23710,3
23711,3
23712,5
23713,0
23714,0
23715,0
23716,5
23717,5
23718,6
23719,6
23720,5
23721,5
23722,5
23723,5
23724,0
23725,0
23726,5
23727,3
23728,5
23729,6
23730,2
23731,6
23732,5
23733,6
23734,0
23735,6
23736,2
23737,3
23738,5
23739,5
23740,3
23741,0
23742,2
23743,5
23744,6
23745,6
23746,6
23747,5
23748,3
23749,1
23750,5
23751,0
23752,2
23753,5
23754,5
23755,1
23756,2
23757,6
23758,6
23759,6
23760,1
23761,0
23762,6
23763,3
23764,3
23765,1
23766,2
23767,2
23768,5
23769,2
23770,6
23771,5
23772,6
23773,5
23774,1
23775,6
23776,0
23777,5
23778,0
23779,0
23780,5
23781,6
23782,2
23783,6
23784,6
23785,3
23786,6
23787,5
23788,0
23789,6
23790,1
23791,6
23792,1
23793,3
23794,5
23795,2
23796,2
23797,2
23798,6
23799,6
23800,1
23801,3
23802,5
23803,5
23804,0
23805,6
23806,0
23807,3
23808,5
23809,6
23810,5
23811,0
23812,3
23813,0
23814,3
23815,3
23816,3
23817,6
23818,5
23819,2
23820,3
23821,2
23822,0
23823,6
23824,5
23825,2
23826,3
23827,2
23828,5
23829,4
23830,3
23831,6
23832,5
23833,5
23834,2
23835,3
23836,6
23837,6
23838,3
23839,0
23840,5
23841,3
23842,0
23843,5
23844,5
23845,0
23846,5
23847,6
23848,5
23849,6
23850,0
23851,3
23852,1
23853,5
23854,6
23855,0
23856,6
23857,1
23858,0
23859,5
23860,3
23861,5
23862,0
23863,3
23864,6
23865,5
23866,0
23867,0
23868,2
23869,2
23870,1
23871,3
23872,5
23873,4
23874,3
23875,5
23876,5
23877,2
23878,6
23879,6
23880,6
23881,6
23882,5
23883,1
23884,4
23885,6
23886,1
23887,5
23888,4
23889,6
23890,3
23891,6
23892,6
23893,6
23894,1
23895,5
23896,5
23897,1
23898,0
23899,6
23900,4
23901,6
23902,1
23903,0
23904,1
23905,6
23906,6
23907,0
23908,1
23909,3
23910,1
23911,5
23912,3
23913,1
23914,6
23915,5
23916,2
23917,6
23918,5
23919,6
23920,6
23921,6
23922,0
23923,5
23924,5
23925,5
23926,6
23927,6
23928,5
23929,2
23930,1
23931,1
23932,1
23933,1
23934,6
23935,2
23936,4
23937,5
23938,0
23939,0
23940,3
23941,5
23942,5
23943,6
23944,6
23945,3
23946,0
23947,1
23948,2
23949,5
23950,5
23951,2
23952,1
23953,1
23954,5
23955,5
23956,4
23957,6
23958,1
23959,3
23960,6
23961,6
23962,3
23963,1
23964,1
23965,2
23966,5
23967,4
23968,5
23969,2
23970,2
23971,3
23972,1
23973,3
23974,6
23975,5
23976,6
23977,3
23978,3
23979,5
23980,6
23981,5
23982,3
23983,6
23984,0
23985,0
23986,2
23987,6
23988,5
23989,5
23990,5
23991,6
23992,5
23993,6
23994,6
23995,2
23996,5
23997,2
23998,6
23999,6
24000,1
24001,2
24002,3
24003,5
24004,5
24005,4
24006,6
24007,0
24008,3
24009,2
24010,3
24011,6
24012,1
24013,1
24014,1
24015,3
24016,5
24017,5
24018,1
24019,6
24020,0
24021,5
24022,6
24023,5
24024,5
24025,5
24026,6
24027,1
24028,0
24029,5
24030,0
24031,6
24032,2
24033,5
24034,6
24035,1
24036,2
24037,6
24038,3
24039,3
24040,6
24041,3
24042,0
24043,6
24044,5
24045,4
24046,1
24047,2
24048,1
24049,3
24050,3
24051,6
24052,6
24053,5
24054,2
24055,1
24056,5
24057,5
24058,0
24059,6
24060,0
24061,5
24062,1
24063,5
24064,0
24065,5
24066,6
24067,1
24068,3
24069,6
24070,5
24071,5
24072,3
24073,0
24074,6
24075,5
24076,1
24077,6
24078,5
24079,5
24080,5
24081,1
24082,3
24083,6
24084,5
24085,1
24086,5
24087,6
24088,6
24089,4
24090,3
24091,6
24092,6
24093,5
24094,2
24095,5
24096,5
24097,5
24098,0
24099,6
24100,6
24101,0
24102,1
24103,1
24104,3
24105,6
24106,4
24107,3
24108,0
24109,5
24110,6
24111,5
24112,3
24113,2
24114,5
24115,6
24116,1
24117,6
24118,3
24119,2
24120,2
24121,6
24122,2
24123,6
24124,0
24125,0
24126,5
24127,1
24128,6
24129,1
24130,4
24131,3
24132,6
24133,5
24134,3
24135,1
24136,6
24137,2
24138,5
24139,3
24140,1
24141,5
24142,6
24143,3
24144,0
24145,0
24146,0
24147,2
24148,0
24149,5
24150,3
24151,0
24152,3
24153,2
24154,0
24155,5
24156,6
24157,2
24158,5
24159,0
24160,0
24161,5
24162,5
24163,5
24164,5
24165,5
24166,4
24167,5
24168,2
24169,5
24170,5
24171,3
24172,0
24173,2
24174,5
24175,3
24176,5
24177,5
24178,5
24179,5
24180,2
24181,0
24182,0
24183,5
24184,3
24185,2
24186,5
24187,4
24188,3
24189,5
24190,4
24191,0
24192,0
24193,5
24194,5
24195,2
24196,1
24197,6
24198,0
24199,3
24200,6
24201,6
24202,5
24203,6
24204,0
24205,1
24206,6
24207,0
24208,1
24209,5
24210,1
24211,5
24212,5
24213,4
24214,5
24215,6
24216,4
24217,5
24218,0
24219,0
24220,0
24221,3
24222,3
24223,0
24224,6
24225,5
24226,3
24227,5
24228,1
24229,5
24230,4
24231,3
24232,2
24233,6
24234,6
24235,0
24236,5
24237,5
24238,5
24239,6
24240,6
24241,2
24242,5
24243,3
24244,6
24245,4
24246,3
24247,0
24248,3
24249,3
24250,0
24251,0
24252,4
24253,0
24254,5
24255,4
24256,5
24257,5
24258,5
24259,3
24260,2
24261,6
24262,0
24263,5
24264,4
24265,2
24266,2
24267,2
24268,6
24269,3
24270,6
24271,6
24272,0
24273,3
24274,5
24275,3
24276,0
24277,2
24278,3
24279,6
24280,6
24281,3
24282,5
24283,6
24284,5
24285,6
24286,6
24287,0
24288,3
24289,3
24290,2
24291,6
24292,2
24293,5
24294,2
24295,2
24296,2
24297,2
24298,4
24299,0
24300,3
24301,5
24302,5
24303,6
24304,5
24305,6
24306,3
24307,6
24308,6
24309,6
24310,6
24311,3
24312,1
24313,3
24314,1
24315,1
24316,3
24317,0
24318,6
24319,1
24320,5
24321,5
24322,5
24323,6
24324,5
24325,3
24326,5
24327,6
24328,0
24329,6
24330,3
24331,5
24332,1
24333,0
24334,4
24335,5
24336,5
24337,5
24338,1
24339,3
24340,1
24341,5
24342,0
24343,3
24344,5
24345,0
24346,6
24347,0
24348,5
24349,5
24350,5
24351,5
24352,6
24353,3
24354,6
24355,5
24356,5
24357,1
24358,1
24359,2
24360,6
24361,0
24362,1
24363,1
24364,6
24365,3
24366,5
24367,6
24368,6
24369,5
24370,5
24371,3
24372,0
24373,2
24374,5
24375,0
24376,6
24377,0
24378,6
24379,0
24380,3
24381,5
24382,1
24383,3
24384,4
24385,6
24386,3
24387,6
24388,1
24389,1
24390,2
24391,3
24392,6
24393,5
24394,5
24395,3
24396,5
24397,5
24398,6
24399,5
24400,6
24401,0
24402,6
24403,5
24404,3
24405,0
24406,5
24407,5
24408,5
24409,6
24410,3
24411,0
24412,5
24413,2
24414,6
24415,6
24416,5
24417,1
24418,4
24419,1
24420,0
24421,0
24422,1
24423,1
24424,6
24425,2
24426,2
24427,4
24428,5
24429,4
24430,0
24431,2
24432,5
24433,2
24434,2
24435,5
24436,6
24437,4
24438,2
24439,5
24440,0
24441,1
24442,0
24443,6
24444,4
24445,6
24446,1
24447,5
24448,0
24449,5
24450,3
24451,1
24452,1
24453,3
24454,5
24455,5
24456,1
24457,0
24458,4
24459,0
24460,3
24461,6
24462,4
24463,5
24464,3
24465,6
24466,6
24467,5
24468,5
24469,6
24470,5
24471,1
24472,5
24473,6
24474,0
24475,5
24476,3
24477,1
24478,3
24479,6
24480,1
24481,1
24482,0
24483,5
24484,5
24485,6
24486,5
24487,4
24488,3
24489,0
24490,0
24491,1
24492,6
24493,5
24494,0
24495,5
24496,3
24497,6
24498,0
24499,6
24500,6
24501,5
24502,6
24503,6
24504,5
24505,0
24506,0
24507,5
24508,3
24509,5
24510,5
24511,3
24512,1
24513,4
24514,3
24515,5
24516,5
24517,0
24518,5
24519,5
24520,3
24521,1
24522,6
24523,3
24524,6
24525,5
24526,1
24527,0
24528,0
24529,3
24530,5
24531,3
24532,6
24533,3
24534,5
24535,6
24536,4
24537,6
24538,6
24539,5
24540,6
24541,1
24542,5
24543,6
24544,6
24545,5
24546,0
24547,6
24548,5
24549,6
24550,5
24551,0
24552,0
24553,1
24554,6
24555,1
24556,5
24557,3
24558,6
24559,4
24560,4
24561,5
24562,6
24563,0
24564,0
24565,6
24566,4
24567,3
24568,0
24569,5
24570,0
24571,2
24572,3
24573,1
24574,3
24575,3
24576,5
24577,5
24578,1
24579,5
24580,5
24581,0
24582,3
24583,0
24584,3
24585,3
24586,6
24587,3
24588,0
24589,0
24590,2
24591,3
24592,6
24593,5
24594,0
24595,0
24596,0
24597,3
24598,2
24599,5
24600,0
24601,1
24602,0
24603,6
24604,1
24605,2
24606,5
24607,4
24608,6
24609,1
24610,3
24611,0
24612,6
24613,0
24614,5
24615,5
24616,3
24617,0
24618,5
24619,1
24620,3
24621,5
24622,3
24623,5
24624,5
24625,2
24626,6
24627,5
24628,6
24629,5
24630,0
24631,0
24632,5
24633,6
24634,6
24635,2
24636,6
24637,0
24638,0
24639,0
24640,4
24641,6
24642,6
24643,4
24644,3
24645,5
24646,4
24647,0
24648,2
24649,2
24650,5
24651,4
24652,0
24653,1
24654,6
24655,0
24656,5
24657,5
24658,5
24659,5
24660,0
24661,5
24662,1
24663,5
24664,2
24665,0
24666,5
24667,6
24668,5
24669,5
24670,6
24671,0
24672,0
24673,5
24674,2
24675,5
24676,1
24677,2
24678,3
24679,5
24680,1
24681,5
24682,2
24683,4
24684,2
24685,0
24686,5
24687,5
24688,5
24689,3
24690,5
24691,0
24692,4
24693,6
24694,4
24695,2
24696,5
24697,3
24698,4
24699,0
24700,1
24701,5
24702,6
24703,4
24704,3
24705,5
24706,2
24707,4
24708,6
24709,5
24710,0
24711,5
24712,2
24713,0
24714,6
24715,5
24716,5
24717,0
24718,0
24719,5
24720,5
24721,0
24722,6
24723,6
24724,6
24725,5
24726,5
24727,3
24728,5
24729,5
24730,1
24731,6
24732,1
24733,6
24734,3
24735,4
24736,5
24737,5
24738,5
24739,5
24740,0
24741,6
24742,2
24743,6
24744,5
24745,5
24746,5
24747,0
24748,5
24749,3
24750,3
24751,5
24752,1
24753,5
24754,2
24755,3
24756,5
24757,5
24758,0
24759,2
24760,5
24761,1
24762,2
24763,5
24764,6
24765,6
24766,6
24767,0
24768,0
24769,6
24770,0
24771,0
24772,5
24773,0
24774,2
24775,0
24776,6
24777,5
24778,3
24779,0
24780,6
24781,0
24782,3
24783,6
24784,2
24785,0
24786,2
24787,5
24788,5
24789,6
24790,6
24791,0
24792,6
24793,2
24794,6
24795,2
24796,3
24797,4
24798,3
24799,6
24800,3
24801,4
24802,3
24803,5
24804,5
24805,0
24806,0
24807,5
24808,5
24809,5
24810,5
24811,6
24812,6
24813,1
24814,6
24815,6
24816,6
24817,3
24818,5
24819,0
24820,0
24821,5
24822,2
24823,1
24824,6
24825,6
24826,0
24827,5
24828,5
24829,0
24830,0
24831,5
24832,5
24833,3
24834,1
24835,2
24836,0
24837,4
24838,0
24839,5
24840,6
24841,0
24842,6
24843,5
24844,0
24845,5
24846,6
24847,3
24848,5
24849,5
24850,6
24851,5
24852,5
24853,0
24854,0
24855,5
24856,3
24857,6
24858,1
24859,3
24860,5
24861,5
24862,4
24863,3
24864,3
24865,5
24866,0
24867,0
24868,2
24869,6
24870,1
24871,5
24872,6
24873,5
24874,1
24875,5
24876,5
24877,6
24878,0
24879,6
24880,5
24881,0
24882,3
24883,3
24884,3
24885,3
24886,5
24887,6
24888,5
24889,3
24890,2
24891,6
24892,3
24893,5
24894,4
24895,3
24896,5
24897,0
24898,4
24899,1
24900,5
24901,4
24902,5
24903,1
24904,2
24905,3
24906,6
24907,5
24908,4
24909,6
24910,3
24911,2
24912,0
24913,5
24914,0
24915,6
24916,6
24917,1
24918,3
24919,2
24920,6
24921,0
24922,5
24923,6
24924,2
24925,0
24926,6
24927,6
24928,5
24929,5
24930,1
24931,5
24932,2
24933,0
24934,5
24935,3
24936,6
24937,5
24938,6
24939,0
24940,0
24941,5
24942,2
24943,3
24944,0
24945,5
24946,0
24947,6
24948,5
24949,6
24950,6
24951,1
24952,5
24953,5
24954,0
24955,0
24956,6
24957,2
24958,5
24959,6
24960,3
24961,6
24962,6
24963,6
24964,6
24965,5
24966,1
24967,0
24968,5
24969,5
24970,2
24971,3
24972,0
24973,2
24974,5
24975,6
24976,5
24977,5
24978,3
24979,2
24980,2
24981,4
24982,5
24983,5
24984,4
24985,5
24986,5
24987,5
24988,1
24989,0
24990,0
24991,0
24992,6
24993,1
24994,3
24995,3
24996,0
24997,3
24998,5
24999,2
25000,5
25001,5
25002,0
25003,0
25004,0
25005,3
25006,1
25007,2
25008,0
25009,6
25010,6
25011,1
25012,1
25013,5
25014,3
25015,5
25016,4
25017,5
25018,4
25019,6
25020,6
25021,5
25022,6
25023,0
25024,0
25025,5
25026,5
25027,3
25028,6
25029,3
25030,0
25031,5
25032,5
25033,4
25034,4
25035,5
25036,5
25037,5
25038,3
25039,6
25040,1
25041,3
25042,5
25043,2
25044,0
25045,5
25046,0
25047,6
25048,5
25049,1
25050,6
25051,6
25052,5
25053,0
25054,4
25055,5
25056,5
25057,5
25058,5
25059,5
25060,0
25061,3
25062,3
25063,1
25064,0
25065,0
25066,5
25067,5
25068,6
25069,5
25070,2
25071,3
25072,5
25073,6
25074,5
25075,5
25076,0
25077,5
25078,3
25079,5
25080,5
25081,6
25082,3
25083,6
25084,5
25085,5
25086,6
25087,5
25088,2
25089,5
25090,3
25091,1
25092,5
25093,0
25094,4
25095,5
25096,1
25097,6
25098,5
25099,0
25100,4
25101,0
25102,5
25103,6
25104,5
25105,6
25106,5
25107,0
25108,4
25109,6
25110,6
25111,3
25112,5
25113,6
25114,0
25115,3
25116,3
25117,6
25118,3
25119,6
25120,0
25121,5
25122,6
25123,1
25124,5
25125,5
25126,0
25127,5
25128,0
25129,3
25130,5
25131,0
25132,0
25133,6
25134,5
25135,0
25136,5
25137,5
25138,5
25139,5
25140,6
25141,2
25142,6
25143,4
25144,5
25145,1
25146,6
25147,0
25148,5
25149,5
25150,6
25151,0
25152,1
25153,5
25154,2
25155,2
25156,5
25157,2
25158,0
25159,2
25160,3
25161,0
25162,0
25163,6
25164,3
25165,6
25166,1
25167,4
25168,5
25169,6
25170,3
25171,6
25172,3
25173,2
25174,5
25175,3
25176,2
25177,6
25178,6
25179,5
25180,5
25181,6
25182,5
25183,4
25184,5
25185,5
25186,6
25187,0
25188,5
25189,3
25190,0
25191,3
25192,0
25193,0
25194,3
25195,6
25196,2
25197,6
25198,2
25199,3
25200,5
25201,6
25202,3
25203,3
25204,5
25205,6
25206,6
25207,5
25208,3
25209,5
25210,3
25211,5
25212,0
25213,2
25214,6
25215,5
25216,1
25217,0
25218,4
25219,5
25220,5
25221,5
25222,3
25223,6
25224,1
25225,3
25226,5
25227,3
25228,1
25229,3
25230,2
25231,3
25232,2
25233,6
25234,5
25235,6
25236,5
25237,1
25238,5
25239,1
25240,1
25241,5
25242,5
25243,3
25244,1
25245,0
25246,2
25247,5
25248,5
25249,6
25250,1
25251,1
25252,5
25253,0
25254,3
25255,5
25256,0
25257,5
25258,5
25259,5
25260,1
25261,2
25262,3
25263,0
25264,6
25265,5
25266,0
25267,1
25268,5
25269,5
25270,6
25271,0
25272,6
25273,0
25274,2
25275,3
25276,6
25277,4
25278,6
25279,5
25280,0
25281,5
25282,5
25283,6
25284,6
25285,3
25286,1
25287,5
25288,3
25289,3
25290,5
25291,6
25292,6
25293,0
25294,5
25295,5
25296,1
25297,6
25298,5
25299,5
25300,5
25301,6
25302,4
25303,4
25304,5
25305,2
25306,5
25307,3
25308,0
25309,5
25310,5
25311,0
25312,5
25313,5
25314,1
25315,5
25316,0
25317,2
25318,2
25319,0
25320,6
25321,5
25322,6
25323,6
25324,2
25325,0
25326,6
25327,5
25328,1
25329,4
25330,0
25331,3
25332,2
25333,5
25334,5
25335,5
25336,5
25337,5
25338,3
25339,1
25340,5
25341,4
25342,2
25343,3
25344,5
25345,0
25346,2
25347,5
25348,3
25349,6
25350,5
25351,1
25352,5
25353,6
25354,1
25355,2
25356,5
25357,5
25358,5
25359,0
25360,5
25361,6
25362,4
25363,6
25364,1
25365,3
25366,0
25367,0
25368,6
25369,5
25370,3
25371,0
25372,6
25373,0
25374,6
25375,5
25376,1
25377,5
25378,3
25379,5
25380,1
25381,0
25382,0
25383,0
25384,0
25385,1
25386,5
25387,5
25388,3
25389,2
25390,6
25391,5
25392,5
25393,6
25394,0
25395,1
25396,6
25397,0
25398,0
25399,5
25400,6
25401,2
25402,4
25403,3
25404,4
25405,6
25406,0
25407,1
25408,0
25409,2
25410,4
25411,5
25412,6
25413,3
25414,4
25415,5
25416,5
25417,3
25418,5
25419,5
25420,0
25421,3
25422,3
25423,2
25424,0
25425,0
25426,6
25427,5
25428,2
25429,5
25430,6
25431,3
25432,5
25433,0
25434,6
25435,5
25436,6
25437,3
25438,1
25439,5
25440,5
25441,5
25442,5
25443,4
25444,3
25445,6
25446,3
25447,6
25448,5
25449,6
25450,0
25451,3
25452,6
25453,5
25454,6
25455,0
25456,5
25457,3
25458,6
25459,5
25460,6
25461,0
25462,1
25463,0
25464,5
25465,6
25466,1
25467,2
25468,6
25469,0
25470,3
25471,6
25472,3
25473,6
25474,1
25475,1
25476,5
25477,0
25478,5
25479,4
25480,0
25481,6
25482,0
25483,6
25484,6
25485,0
25486,0
25487,0
25488,2
25489,5
25490,6
25491,6
25492,0
25493,6
25494,2
25495,1
25496,6
25497,5
25498,5
25499,3
25500,5
25501,6
25502,5
25503,5
25504,0
25505,6
25506,1
25507,0
25508,0
25509,0
25510,2
25511,4
25512,5
25513,6
25514,4
25515,6
25516,2
25517,6
25518,4
25519,3
25520,4
25521,3
25522,6
25523,3
25524,3
25525,6
25526,6
25527,5
25528,3
25529,3
25530,6
25531,5
25532,4
25533,3
25534,0
25535,1
25536,5
25537,3
25538,0
25539,0
25540,0
25541,5
25542,0
25543,6
25544,5
25545,5
25546,5
25547,2
25548,2
25549,4
25550,2
25551,5
25552,6
25553,4
25554,1
25555,2
25556,2
25557,5
25558,0
25559,5
25560,0
25561,6
25562,5
25563,3
25564,3
25565,5
25566,5
25567,5
25568,6
25569,5
25570,0
25571,6
25572,0
25573,3
25574,0
25575,3
25576,5
25577,4
25578,1
25579,2
25580,0
25581,0
25582,5
25583,5
25584,6
25585,3
25586,5
25587,5
25588,6
25589,0
25590,5
25591,5
25592,0
25593,0
25594,5
25595,6
25596,1
25597,0
25598,0
25599,6
25600,2
25601,3
25602,1
25603,4
25604,0
25605,6
25606,6
25607,3
25608,0
25609,0
25610,6
25611,4
25612,2
25613,6
25614,4
25615,0
25616,0
25617,3
25618,3
25619,1
25620,5
25621,0
25622,3
25623,3
25624,4
25625,3
25626,2
25627,6
25628,5
25629,2
25630,2
25631,2
25632,4
25633,0
25634,3
25635,6
25636,6
25637,5
25638,0
25639,3
25640,0
25641,3
25642,0
25643,5
25644,5
25645,6
25646,5
25647,5
25648,6
25649,0
25650,4
25651,6
25652,6
25653,5
25654,5
25655,5
25656,6
25657,2
25658,0
25659,0
25660,0
25661,3
25662,6
25663,5
25664,5
25665,6
25666,3
25667,4
25668,3
25669,6
25670,3
25671,5
25672,0
25673,0
25674,5
25675,4
25676,6
25677,6
25678,5
25679,1
25680,0
25681,3
25682,5
25683,5
25684,2
25685,3
25686,6
25687,3
25688,1
25689,5
25690,2
25691,3
25692,1
25693,2
25694,5
25695,2
25696,5
25697,6
25698,2
25699,2
25700,4
25701,3
25702,4
25703,5
25704,5
25705,3
25706,5
25707,3
25708,5
25709,6
25710,5
25711,5
25712,6
25713,5
25714,0
25715,5
25716,3
25717,6
25718,0
25719,0
25720,3
25721,5
25722,3
25723,3
25724,3
25725,5
25726,0
25727,2
25728,2
25729,5
25730,3
25731,6
25732,5
25733,6
25734,0
25735,5
25736,5
25737,6
25738,2
25739,1
25740,5
25741,5
25742,6
25743,4
25744,5
25745,1
25746,5
25747,3
25748,0
25749,0
25750,3
25751,6
25752,5
25753,1
25754,0
25755,5
25756,1
25757,3
25758,5
25759,3
25760,6
25761,5
25762,6
25763,6
25764,0
25765,5
25766,0
25767,5
25768,5
25769,5
25770,5
25771,5
25772,3
25773,5
25774,5
25775,4
25776,6
25777,0
25778,0
25779,5
25780,5
25781,3
25782,6
25783,0
25784,1
25785,2
25786,0
25787,5
25788,3
25789,2
25790,0
25791,0
25792,0
25793,4
25794,5
25795,3
25796,5
25797,0
25798,3
25799,6
25800,5
25801,3
25802,3
25803,5
25804,5
25805,0
25806,6
25807,3
25808,5
25809,5
25810,5
25811,5
25812,6
25813,3
25814,3
25815,5
25816,5
25817,0
25818,6
25819,6
25820,3
25821,6
25822,3
25823,0
25824,2
25825,5
25826,5
25827,6
25828,1
25829,5
25830,1
25831,0
25832,5
25833,5
25834,0
25835,5
25836,0
25837,4
25838,2
25839,6
25840,4
25841,5
25842,4
25843,3
25844,3
25845,6
25846,5
25847,6
25848,6
25849,2
25850,0
25851,6
25852,3
25853,5
25854,3
25855,5
25856,6
25857,2
25858,6
25859,5
25860,0
25861,6
25862,5
25863,3
25864,1
25865,3
25866,6
25867,6
25868,5
25869,1
25870,5
25871,2
25872,6
25873,4
25874,0
25875,0
25876,0
25877,5
25878,5
25879,5
25880,6
25881,3
25882,0
25883,0
25884,5
25885,5
25886,5
25887,0
25888,5
25889,6
25890,1
25891,5
25892,5
25893,5
25894,4
25895,5
25896,0
25897,0
25898,6
25899,1
25900,0
25901,3
25902,2
25903,5
25904,2
25905,5
25906,0
25907,6
25908,5
25909,1
25910,1
25911,6
25912,2
25913,6
25914,3
25915,0
25916,5
25917,4
25918,5
25919,6
25920,2
25921,5
25922,0
25923,3
25924,6
25925,0
25926,6
25927,5
25928,2
25929,5
25930,3
25931,3
25932,0
25933,0
25934,5
25935,5
25936,1
25937,4
25938,6
25939,3
25940,6
25941,5
25942,0
25943,2
25944,5
25945,5
25946,0
25947,0
25948,2
25949,5
25950,5
25951,5
25952,0
25953,5
25954,5
25955,0
25956,0
25957,3
25958,6
25959,0
25960,6
25961,0
25962,3
25963,0
25964,5
25965,4
25966,6
25967,3
25968,0
25969,6
25970,5
25971,5
25972,5
25973,5
25974,0
25975,3
25976,0
25977,6
25978,5
25979,4
25980,0
25981,5
25982,1
25983,5
25984,4
25985,6
25986,5
25987,2
25988,0
25989,2
25990,2
25991,4
25992,0
25993,2
25994,3
25995,0
25996,6
25997,4
25998,5
25999,0
26000,6
26001,6
26002,2
26003,2
26004,3
26005,2
26006,5
26007,2
26008,0
26009,5
26010,5
26011,2
26012,5
26013,6
26014,0
26015,0
26016,6
26017,6
26018,3
26019,4
26020,0
26021,3
26022,0
26023,5
26024,1
26025,2
26026,5
26027,5
26028,1
26029,6
26030,2
26031,6
26032,1
26033,6
26034,0
26035,5
26036,0
26037,0
26038,2
26039,1
26040,6
26041,5
26042,0
26043,3
26044,6
26045,5
26046,3
26047,5
26048,6
26049,1
26050,0
26051,3
26052,3
26053,6
26054,5
26055,4
26056,2
26057,5
26058,0
26059,5
26060,3
26061,6
26062,6
26063,5
26064,6
26065,5
26066,3
26067,1
26068,6
26069,5
26070,5
26071,6
26072,4
26073,6
26074,5
26075,0
26076,6
26077,5
26078,6
26079,0
26080,6
26081,6
26082,6
26083,5
26084,1
26085,5
26086,2
26087,3
26088,6
26089,5
26090,6
26091,3
26092,5
26093,2
26094,5
26095,0
26096,6
26097,0
26098,3
26099,1
26100,3
26101,3
26102,5
26103,0
26104,6
26105,5
26106,6
26107,6
26108,5
26109,5
26110,0
26111,6
26112,0
26113,4
26114,4
26115,5
26116,5
26117,1
26118,6
26119,5
26120,5
26121,0
26122,5
26123,5
26124,0
26125,6
26126,6
26127,5
26128,5
26129,2
26130,6
26131,3
26132,5
26133,0
26134,3
26135,0
26136,6
26137,6
26138,4
26139,3
26140,2
26141,3
26142,5
26143,0
26144,6
26145,4
26146,6
26147,3
26148,6
26149,0
26150,0
26151,5
26152,5
26153,5
26154,5
26155,4
26156,3
26157,3
26158,0
26159,6
26160,2
26161,6
26162,5
26163,5
26164,2
26165,0
26166,0
26167,5
26168,6
26169,6
26170,5
26171,1
26172,5
26173,5
26174,5
26175,3
26176,3
26177,0
26178,6
26179,0
26180,0
26181,6
26182,0
26183,6
26184,1
26185,0
26186,1
26187,3
26188,6
26189,5
26190,5
26191,5
26192,0
26193,5
26194,6
26195,0
26196,5
26197,5
26198,5
26199,5
26200,5
26201,6
26202,3
26203,2
26204,6
26205,1
26206,5
26207,3
26208,6
26209,6
26210,5
26211,3
26212,0
26213,1
26214,3
26215,5
26216,0
26217,3
26218,6
26219,5
26220,6
26221,6
26222,3
26223,2
26224,0
26225,0
26226,5
26227,0
26228,5
26229,0
26230,4
26231,6
26232,3
26233,5
26234,6
26235,6
26236,0
26237,0
26238,6
26239,2
26240,2
26241,6
26242,5
26243,3
26244,4
26245,3
26246,2
26247,5
26248,6
26249,4
26250,0
26251,3
26252,4
26253,3
26254,5
26255,0
26256,5
26257,0
26258,6
26259,4
26260,5
26261,0
26262,3
26263,4
26264,6
26265,6
26266,6
26267,0
26268,5
26269,3
26270,1
26271,3
26272,5
26273,6
26274,1
26275,5
26276,3
26277,2
26278,2
26279,5
26280,2
26281,3
26282,6
26283,3
26284,4
26285,5
26286,5
26287,3
26288,5
26289,5
26290,0
26291,6
26292,6
26293,6
26294,4
26295,5
26296,3
26297,4
26298,6
26299,6
26300,4
26301,0
26302,0
26303,3
26304,4
26305,5
26306,5
26307,6
26308,4
26309,1
26310,5
26311,6
26312,0
26313,5
26314,5
26315,4
26316,6
26317,5
26318,4
26319,6
26320,2
26321,0
26322,3
26323,5
26324,3
26325,1
26326,5
26327,2
26328,3
26329,5
26330,1
26331,6
26332,5
26333,5
26334,5
26335,6
26336,0
26337,6
26338,3
26339,0
26340,5
26341,5
26342,4
26343,6
26344,5
26345,5
26346,0
26347,5
26348,0
26349,3
26350,3
26351,5
26352,0
26353,2
26354,5
26355,6
26356,5
26357,0
26358,5
26359,4
26360,2
26361,3
26362,4
26363,5
26364,3
26365,6
26366,1
26367,0
26368,6
26369,5
26370,0
26371,4
26372,1
26373,4
26374,5
26375,0
26376,5
26377,1
26378,2
26379,5
26380,3
26381,3
26382,3
26383,5
26384,1
26385,3
26386,6
26387,4
26388,1
26389,5
26390,0
26391,0
26392,6
26393,6
26394,2
26395,5
26396,6
26397,3
26398,5
26399,3
26400,0
26401,6
26402,6
26403,1
26404,5
26405,0
26406,0
26407,5
26408,5
26409,3
26410,3
26411,0
26412,5
26413,0
26414,0
26415,3
26416,5
26417,4
26418,3
26419,0
26420,5
26421,5
26422,4
26423,6
26424,2
26425,5
26426,3
26427,5
26428,3
26429,2
26430,4
26431,2
26432,6
26433,5
26434,3
26435,5
26436,5
26437,2
26438,5
26439,4
26440,5
26441,5
26442,0
26443,5
26444,6
26445,6
26446,5
26447,0
26448,6
26449,0
26450,2
26451,3
26452,5
26453,6
26454,5
26455,0
26456,1
26457,1
26458,2
26459,4
26460,6
26461,5
26462,6
26463,1
26464,5
26465,3
26466,1
26467,5
26468,5
26469,5
26470,6
26471,0
26472,2
26473,1
26474,6
26475,1
26476,1
26477,6
26478,0
26479,5
26480,3
26481,4
26482,3
26483,2
26484,3
26485,5
26486,5
26487,5
26488,4
26489,1
26490,0
26491,3
26492,3
26493,2
26494,5
26495,6
26496,5
26497,5
26498,0
26499,0
26500,5
26501,5
26502,6
26503,3
26504,1
26505,5
26506,1
26507,0
26508,6
26509,0
26510,3
26511,5
26512,0
26513,0
26514,5
26515,5
26516,3
26517,6
26518,5
26519,6
26520,6
26521,1
26522,0
26523,1
26524,6
26525,6
26526,1
26527,3
26528,0
26529,6
26530,0
26531,2
26532,1
26533,0
26534,5
26535,6
26536,5
26537,6
26538,1
26539,3
26540,1
26541,6
26542,0
26543,3
26544,2
26545,6
26546,1
26547,5
26548,6
26549,0
26550,5
26551,3
26552,5
26553,6
26554,6
26555,5
26556,5
26557,1
26558,5
26559,5
26560,0
26561,1
26562,0
26563,5
26564,0
26565,0
26566,3
26567,0
26568,5
26569,5
26570,3
26571,4
26572,3
26573,5
26574,5
26575,3
26576,6
26577,1
26578,5
26579,1
26580,1
26581,5
26582,0
26583,1
26584,5
26585,6
26586,5
26587,5
26588,3
26589,5
26590,2
26591,2
26592,0
26593,2
26594,5
26595,3
26596,5
26597,6
26598,1
26599,6
26600,6
26601,6
26602,0
26603,0
26604,5
26605,0
26606,2
26607,3
26608,0
26609,5
26610,5
26611,5
26612,0
26613,5
26614,2
26615,5
26616,2
26617,2
26618,6
26619,2
26620,5
26621,6
26622,6
26623,3
26624,2
26625,3
26626,2
26627,3
26628,0
26629,5
26630,5
26631,4
26632,5
26633,4
26634,2
26635,6
26636,5
26637,0
26638,0
26639,5
26640,5
26641,1
26642,6
26643,0
26644,3
26645,0
26646,3
26647,4
26648,5
26649,0
26650,0
26651,3
26652,0
26653,4
26654,5
26655,3
26656,6
26657,5
26658,6
26659,5
26660,3
26661,0
26662,3
26663,3
26664,3
26665,2
26666,6
26667,1
26668,0
26669,6
26670,6
26671,6
26672,1
26673,0
26674,5
26675,1
26676,0
26677,3
26678,0
26679,1
26680,5
26681,3
26682,5
26683,3
26684,3
26685,3
26686,6
26687,5
26688,4
26689,0
26690,6
26691,6
26692,6
26693,6
26694,6
26695,2
26696,0
26697,5
26698,6
26699,5
26700,2
26701,6
26702,2
26703,6
26704,1
26705,6
26706,6
26707,6
26708,5
26709,0
26710,3
26711,6
26712,5
26713,1
26714,6
26715,0
26716,0
26717,0
26718,5
26719,0
26720,6
26721,0
26722,4
26723,5
26724,3
26725,6
26726,0
26727,6
26728,6
26729,1
26730,0
26731,0
26732,5
26733,6
26734,3
26735,5
26736,3
26737,0
26738,0
26739,5
26740,5
26741,0
26742,0
26743,3
26744,6
26745,6
26746,3
26747,3
26748,1
26749,6
26750,2
26751,6
26752,2
26753,1
26754,5
26755,5
26756,2
26757,2
26758,0
26759,5
26760,0
26761,0
26762,5
26763,3
26764,4
26765,6
26766,6
26767,6
26768,1
26769,5
26770,3
26771,5
26772,0
26773,5
26774,3
26775,4
26776,6
26777,3
26778,5
26779,2
26780,6
26781,5
26782,5
26783,6
26784,6
26785,0
26786,2
26787,6
26788,2
26789,1
26790,6
26791,3
26792,5
26793,6
26794,5
26795,5
26796,6
26797,5
26798,3
26799,3
26800,6
26801,5
26802,1
26803,5
26804,5
26805,5
26806,6
26807,3
26808,1
26809,2
26810,5
26811,6
26812,0
26813,2
26814,2
26815,0
26816,5
26817,5
26818,1
26819,5
26820,0
26821,0
26822,5
26823,4
26824,3
26825,5
26826,6
26827,5
26828,1
26829,5
26830,3
26831,5
26832,5
26833,1
26834,5
26835,1
26836,5
26837,6
26838,4
26839,1
26840,3
26841,2
26842,5
26843,6
26844,2
26845,0
26846,4
26847,6
26848,3
26849,1
26850,6
26851,6
26852,6
26853,3
26854,3
26855,0
26856,3
26857,3
26858,0
26859,6
26860,1
26861,6
26862,0
26863,5
26864,5
26865,5
26866,3
26867,5
26868,5
26869,2
26870,4
26871,0
26872,6
26873,5
26874,4
26875,5
26876,6
26877,5
26878,6
26879,1
26880,5
26881,5
26882,4
26883,0
26884,3
26885,5
26886,3
26887,1
26888,6
26889,2
26890,2
26891,0
26892,5
26893,5
26894,5
26895,5
26896,5
26897,6
26898,5
26899,5
26900,0
26901,3
26902,1
26903,3
26904,5
26905,2
26906,5
26907,6
26908,1
26909,3
26910,5
26911,2
26912,0
26913,6
26914,5
26915,4
26916,3
26917,4
26918,5
26919,2
26920,0
26921,1
26922,6
26923,3
26924,3
26925,3
26926,2
26927,5
26928,6
26929,0
26930,6
26931,6
26932,3
26933,2
26934,6
26935,5
26936,0
26937,5
26938,3
26939,6
26940,5
26941,6
26942,0
26943,5
26944,0
26945,5
26946,5
26947,3
26948,5
26949,5
26950,0
26951,3
26952,6
26953,5
26954,0
26955,5
26956,3
26957,6
26958,3
26959,4
26960,6
26961,3
26962,2
26963,6
26964,5
26965,4
26966,6
26967,6
26968,0
26969,1
26970,5
26971,5
26972,3
26973,0
26974,5
26975,1
26976,0
26977,5
26978,2
26979,5
26980,5
26981,5
26982,3
26983,6
26984,6
26985,0
26986,6
26987,0
26988,2
26989,0
26990,5
26991,3
26992,5
26993,6
26994,5
26995,1
26996,5
26997,5
26998,0
26999,5
27000,5
27001,5
27002,5
27003,2
27004,5
27005,0
27006,3
27007,2
27008,2
27009,2
27010,1
27011,5
27012,5
27013,5
27014,0
27015,0
27016,0
27017,5
27018,5
27019,5
27020,2
27021,3
27022,2
27023,5
27024,3
27025,5
27026,3
27027,6
27028,0
27029,6
27030,4
27031,0
27032,5
27033,6
27034,5
27035,5
27036,5
27037,4
27038,3
27039,5
27040,2
27041,4
27042,5
27043,0
27044,4
27045,5
27046,0
27047,3
27048,0
27049,1
27050,6
27051,0
27052,5
27053,5
27054,5
27055,6
27056,6
27057,0
27058,5
27059,3
27060,6
27061,5
27062,5
27063,5
27064,5
27065,2
27066,4
27067,0
27068,5
27069,0
27070,1
27071,6
27072,3
27073,5
27074,4
27075,0
27076,6
27077,1
27078,4
27079,3
27080,0
27081,3
27082,6
27083,2
27084,6
27085,5
27086,3
27087,3
27088,5
27089,2
27090,2
27091,1
27092,5
27093,2
27094,0
27095,5
27096,3
27097,3
27098,3
27099,5
27100,1
27101,5
27102,3
27103,6
27104,3
27105,6
27106,3
27107,6
27108,1
27109,5
27110,2
27111,3
27112,0
27113,0
27114,3
27115,6
27116,1
27117,0
27118,6
27119,2
27120,2
27121,6
27122,5
27123,3
27124,3
27125,5
27126,2
27127,0
27128,5
27129,5
27130,6
27131,5
27132,0
27133,0
27134,5
27135,6
27136,5
27137,5
27138,3
27139,1
27140,5
27141,2
27142,4
27143,5
27144,0
27145,0
27146,3
27147,4
27148,5
27149,0
27150,3
27151,4
27152,0
27153,2
27154,5
27155,0
27156,0
27157,5
27158,4
27159,6
27160,3
27161,5
27162,0
27163,2
27164,0
27165,1
27166,3
27167,2
27168,5
27169,2
27170,0
27171,5
27172,1
27173,2
27174,6
27175,3
27176,6
27177,5
27178,0
27179,5
27180,6
27181,5
27182,5
27183,5
27184,6
27185,2
27186,5
27187,0
27188,6
27189,1
27190,6
27191,5
27192,5
27193,1
27194,3
27195,0
27196,5
27197,6
27198,6
27199,2
27200,5
27201,6
27202,1
27203,3
27204,5
27205,5
27206,1
27207,5
27208,5
27209,6
27210,6
27211,2
27212,2
27213,6
27214,0
27215,5
27216,3
27217,5
27218,2
27219,0
27220,2
27221,5
27222,2
27223,5
27224,5
27225,4
27226,6
27227,0
27228,3
27229,3
27230,2
27231,3
27232,5
27233,0
27234,6
27235,2
27236,5
27237,2
27238,3
27239,2
27240,5
27241,0
27242,5
27243,5
27244,4
27245,3
27246,5
27247,2
27248,5
27249,5
27250,6
27251,5
27252,0
27253,5
27254,5
27255,5
27256,0
27257,5
27258,6
27259,4
27260,4
27261,2
27262,3
27263,6
27264,5
27265,6
27266,0
27267,0
27268,2
27269,6
27270,2
27271,6
27272,1
27273,3
27274,6
27275,6
27276,5
27277,5
27278,3
27279,2
27280,4
27281,5
27282,4
27283,2
27284,3
27285,5
27286,1
27287,6
27288,6
27289,5
27290,0
27291,5
27292,4
27293,6
27294,5
27295,5
27296,5
27297,5
27298,4
27299,5
27300,0
27301,6
27302,0
27303,6
27304,0
27305,0
27306,6
27307,3
27308,0
27309,3
27310,4
27311,5
27312,4
27313,4
27314,3
27315,5
27316,6
27317,5
27318,6
27319,0
27320,5
27321,6
27322,5
27323,3
27324,3
27325,0
27326,5
27327,2
27328,0
27329,0
27330,3
27331,3
27332,0
27333,1
27334,5
27335,0
27336,5
27337,6
27338,5
27339,0
27340,0
27341,5
27342,2
27343,4
27344,5
27345,2
27346,6
27347,5
27348,0
27349,4
27350,2
27351,4
27352,5
27353,2
27354,6
27355,1
27356,5
27357,6
27358,4
27359,3
27360,4
27361,6
27362,6
27363,4
27364,1
27365,0
27366,5
27367,5
27368,2
27369,3
27370,3
27371,1
27372,0
27373,1
27374,1
27375,1
27376,5
27377,6
27378,3
27379,5
27380,5
27381,0
27382,2
27383,6
27384,4
27385,0
27386,4
27387,5
27388,0
27389,1
27390,5
27391,1
27392,1
27393,2
27394,0
27395,5
27396,1
27397,5
27398,5
27399,2
27400,5
27401,0
27402,5
27403,5
27404,6
27405,5
27406,1
27407,6
27408,4
27409,3
27410,0
27411,5
27412,5
27413,6
27414,6
27415,3
27416,4
27417,5
27418,3
27419,3
27420,4
27421,5
27422,6
27423,4
27424,6
27425,5
27426,5
27427,5
27428,3
27429,6
27430,6
27431,6
27432,4
27433,3
27434,1
27435,6
27436,5
27437,0
27438,5
27439,5
27440,5
27441,5
27442,5
27443,0
27444,3
27445,3
27446,5
27447,2
27448,0
27449,6
27450,1
27451,2
27452,2
27453,1
27454,2
27455,1
27456,0
27457,0
27458,1
27459,2
27460,2
27461,5
27462,5
27463,2
27464,4
27465,3
27466,0
27467,5
27468,5
27469,5
27470,0
27471,6
27472,5
27473,1
27474,3
27475,0
27476,6
27477,2
27478,5
27479,2
27480,3
27481,5
27482,0
27483,6
27484,5
27485,5
27486,1
27487,3
27488,0
27489,3
27490,3
27491,6
27492,6
27493,4
27494,5
27495,4
27496,0
27497,2
27498,6
27499,4
27500,4
27501,5
27502,1
27503,5
27504,3
27505,4
27506,5
27507,2
27508,0
27509,3
27510,4
27511,2
27512,3
27513,0
27514,6
27515,0
27516,5
27517,0
27518,0
27519,3
27520,6
27521,5
27522,3
27523,5
27524,0
27525,3
27526,6
27527,5
27528,6
27529,2
27530,5
27531,1
27532,0
27533,6
27534,5
27535,1
27536,6
27537,3
27538,6
27539,6
27540,5
27541,6
27542,2
27543,0
27544,3
27545,5
27546,3
27547,3
27548,3
27549,6
27550,3
27551,2
27552,4
27553,3
27554,6
27555,5
27556,6
27557,3
27558,3
27559,2
27560,2
27561,2
27562,6
27563,2
27564,2
27565,5
27566,1
27567,6
27568,3
27569,2
27570,5
27571,2
27572,0
27573,6
27574,5
27575,6
27576,5
27577,0
27578,3
27579,5
27580,6
27581,5
27582,1
27583,5
27584,0
27585,5
27586,5
27587,4
27588,5
27589,5
27590,5
27591,1
27592,6
27593,0
27594,6
27595,2
27596,6
27597,6
27598,4
27599,5
27600,3
27601,0
27602,6
27603,6
27604,0
27605,0
27606,0
27607,1
27608,5
27609,6
27610,5
27611,0
27612,5
27613,2
27614,3
27615,3
27616,4
27617,3
27618,0
27619,5
27620,0
27621,4
27622,5
27623,0
27624,0
27625,6
27626,6
27627,2
27628,6
27629,6
27630,6
27631,4
27632,5
27633,2
27634,5
27635,0
27636,1
27637,0
27638,2
27639,1
27640,6
27641,3
27642,5
27643,3
27644,2
27645,3
27646,3
27647,0
27648,2
27649,6
27650,0
27651,5
27652,5
27653,5
27654,6
27655,2
27656,6
27657,4
27658,1
27659,3
27660,2
27661,5
27662,6
27663,6
27664,6
27665,2
27666,6
27667,6
27668,6
27669,6
27670,6
27671,0
27672,0
27673,3
27674,5
27675,3
27676,0
27677,2
27678,0
27679,0
27680,5
27681,0
27682,5
27683,2
27684,3
27685,6
27686,6
27687,3
27688,5
27689,3
27690,5
27691,5
27692,6
27693,5
27694,5
27695,6
27696,3
27697,3
27698,2
27699,5
27700,1
27701,6
27702,1
27703,5
27704,5
27705,6
27706,3
27707,1
27708,0
27709,5
27710,3
27711,0
27712,5
27713,1
27714,0
27715,3
27716,5
27717,5
27718,3
27719,6
27720,3
27721,2
27722,6
27723,6
27724,5
27725,1
27726,0
27727,1
27728,3
27729,5
27730,6
27731,5
27732,0
27733,5
27734,0
27735,5
27736,5
27737,6
27738,3
27739,4
27740,0
27741,6
27742,6
27743,0
27744,4
27745,5
27746,6
27747,3
27748,5
27749,0
27750,2
27751,5
27752,6
27753,0
27754,5
27755,6
27756,5
27757,5
27758,5
27759,0
27760,5
27761,5
27762,5
27763,5
27764,5
27765,5
27766,5
27767,0
27768,6
27769,6
27770,6
27771,2
27772,0
27773,5
27774,4
27775,5
27776,0
27777,6
27778,4
27779,5
27780,2
27781,6
27782,6
27783,2
27784,0
27785,5
27786,3
27787,4
27788,1
27789,5
27790,5
27791,5
27792,0
27793,5
27794,3
27795,5
27796,1
27797,0
27798,6
27799,1
27800,3
27801,1
27802,5
27803,6
27804,3
27805,5
27806,6
27807,0
27808,0
27809,3
27810,5
27811,6
27812,5
27813,2
27814,4
27815,6
27816,2
27817,5
27818,5
27819,6
27820,1
27821,3
27822,0
27823,0
27824,6
27825,5
27826,0
27827,0
27828,6
27829,0
27830,4
27831,5
27832,5
27833,6
27834,3
27835,4
27836,5
27837,3
27838,6
27839,2
27840,3
27841,4
27842,3
27843,5
27844,3
27845,5
27846,6
27847,3
27848,0
27849,5
27850,1
27851,5
27852,6
27853,2
27854,6
27855,3
27856,3
27857,6
27858,2
27859,4
27860,0
27861,4
27862,1
27863,0
27864,2
27865,3
27866,5
27867,5
27868,5
27869,6
27870,2
27871,1
27872,3
27873,5
27874,3
27875,6
27876,2
27877,1
27878,5
27879,5
27880,2
27881,2
27882,5
27883,5
27884,3
27885,0
27886,6
27887,6
27888,5
27889,5
27890,5
27891,0
27892,5
27893,6
27894,0
27895,4
27896,5
27897,3
27898,3
27899,4
27900,0
27901,1
27902,6
27903,0
27904,3
27905,5
27906,5
27907,6
27908,1
27909,1
27910,2
27911,3
27912,1
27913,5
27914,2
27915,4
27916,0
27917,4
27918,1
27919,3
27920,6
27921,3
27922,2
27923,0
27924,0
27925,2
27926,3
27927,4
27928,1
27929,0
27930,5
27931,5
27932,1
27933,6
27934,1
27935,0
27936,0
27937,5
27938,6
27939,0
27940,4
27941,6
27942,6
27943,6
27944,5
27945,0
27946,5
27947,6
27948,3
27949,0
27950,4
27951,5
27952,1
27953,4
27954,6
27955,1
27956,5
27957,6
27958,6
27959,6
27960,6
27961,3
27962,3
27963,5
27964,1
27965,6
27966,3
27967,5
27968,1
27969,0
27970,3
27971,5
27972,0
27973,5
27974,3
27975,6
27976,6
27977,5
27978,4
27979,1
27980,3
27981,0
27982,5
27983,3
27984,2
27985,5
27986,3
27987,5
27988,3
27989,3
27990,5
27991,2
27992,0
27993,1
27994,5
27995,3
27996,4
27997,1
27998,6
27999,3
28000,5
28001,6
28002,3
28003,3
28004,2
28005,5
28006,3
28007,6
28008,0
28009,0
28010,5
28011,5
28012,0
28013,5
28014,0
28015,0
28016,6
28017,0
28018,6
28019,0
28020,4
28021,5
28022,5
28023,5
28024,1
28025,3
28026,2
28027,3
28028,6
28029,5
28030,5
28031,0
28032,1
28033,5
28034,0
28035,3
28036,1
28037,0
28038,6
28039,3
28040,0
28041,6
28042,0
28043,1
28044,0
28045,0
28046,5
28047,6
28048,3
28049,1
28050,0
28051,6
28052,3
28053,0
28054,3
28055,1
28056,6
28057,6
28058,2
28059,5
28060,6
28061,5
28062,0
28063,5
28064,5
28065,6
28066,0
28067,5
28068,6
28069,5
28070,0
28071,0
28072,6
28073,3
28074,6
28075,0
28076,4
28077,2
28078,5
28079,6
28080,5
28081,5
28082,1
28083,3
28084,2
28085,0
28086,0
28087,5
28088,6
28089,6
28090,5
28091,6
28092,1
28093,5
28094,0
28095,5
28096,2
28097,3
28098,6
28099,5
28100,3
28101,6
28102,5
28103,4
28104,5
28105,6
28106,0
28107,6
28108,3
28109,0
28110,5
28111,4
28112,4
28113,2
28114,2
28115,5
28116,6
28117,0
28118,1
28119,5
28120,6
28121,5
28122,5
28123,6
28124,3
28125,5
28126,5
28127,3
28128,3
28129,5
28130,0
28131,0
28132,1
28133,1
28134,1
28135,4
28136,6
28137,4
28138,5
28139,1
28140,5
28141,5
28142,3
28143,0
28144,5
28145,5
28146,1
28147,3
28148,0
28149,0
28150,4
28151,6
28152,0
28153,2
28154,5
28155,5
28156,2
28157,2
28158,0
28159,5
28160,0
28161,2
28162,4
28163,6
28164,0
28165,3
28166,0
28167,3
28168,5
28169,3
28170,5
28171,5
28172,0
28173,5
28174,3
28175,0
28176,6
28177,5
28178,3
28179,5
28180,3
28181,3
28182,6
28183,0
28184,5
28185,6
28186,6
28187,3
28188,3
28189,5
28190,6
28191,6
28192,5
28193,5
28194,6
28195,3
28196,0
28197,0
28198,3
28199,5
28200,0
28201,6
28202,5
28203,0
28204,3
28205,5
28206,5
28207,5
28208,6
28209,0
28210,6
28211,0
28212,0
28213,1
28214,6
28215,0
28216,0
28217,3
28218,6
28219,3
28220,0
28221,5
28222,6
28223,6
28224,3
28225,6
28226,4
28227,0
28228,0
28229,5
28230,5
28231,0
28232,2
28233,4
28234,0
28235,2
28236,1
28237,6
28238,6
28239,2
28240,3
28241,5
28242,5
28243,5
28244,2
28245,5
28246,3
28247,2
28248,0
28249,4
28250,5
28251,3
28252,0
28253,6
28254,5
28255,5
28256,1
28257,5
28258,0
28259,5
28260,2
28261,0
28262,5
28263,3
28264,3
28265,3
28266,6
28267,6
28268,0
28269,0
28270,5
28271,1
28272,0
28273,6
28274,5
28275,5
28276,0
28277,5
28278,2
28279,6
28280,6
28281,5
28282,3
28283,5
28284,3
28285,5
28286,6
28287,6
28288,5
28289,5
28290,5
28291,1
28292,6
28293,3
28294,5
28295,6
28296,6
28297,0
28298,5
28299,6
28300,4
28301,5
28302,5
28303,6
28304,4
28305,3
28306,1
28307,2
28308,0
28309,2
28310,2
28311,5
28312,3
28313,2
28314,5
28315,1
28316,6
28317,5
28318,5
28319,0
28320,5
28321,0
28322,1
28323,6
28324,5
28325,5
28326,5
28327,3
28328,1
28329,2
28330,0
28331,3
28332,5
28333,6
28334,5
28335,0
28336,6
28337,4
28338,0
28339,5
28340,6
28341,2
28342,1
28343,2
28344,0
28345,5
28346,0
28347,0
28348,4
28349,5
28350,5
28351,5
28352,6
28353,3
28354,5
28355,3
28356,5
28357,6
28358,0
28359,5
28360,3
28361,3
28362,3
28363,5
28364,0
28365,5
28366,6
28367,6
28368,2
28369,3
28370,2
28371,0
28372,6
28373,0
28374,2
28375,0
28376,2
28377,1
28378,2
28379,1
28380,0
28381,0
28382,2
28383,0
28384,1
28385,5
28386,0
28387,1
28388,0
28389,6
28390,5
28391,6
28392,5
28393,5
28394,6
28395,6
28396,3
28397,2
28398,1
28399,5
28400,1
28401,3
28402,1
28403,2
28404,2
28405,4
28406,0
28407,6
28408,5
28409,3
28410,2
28411,5
28412,0
28413,6
28414,0
28415,6
28416,0
28417,6
28418,0
28419,5
28420,2
28421,6
28422,0
28423,0
28424,0
28425,0
28426,1
28427,5
28428,3
28429,5
28430,0
28431,0
28432,6
28433,0
28434,5
28435,3
28436,0
28437,1
28438,0
28439,6
28440,6
28441,2
28442,0
28443,2
28444,5
28445,2
28446,1
28447,6
28448,5
28449,5
28450,2
28451,6
28452,6
28453,3
28454,0
28455,4
28456,5
28457,3
28458,2
28459,5
28460,5
28461,5
28462,3
28463,3
28464,5
28465,6
28466,5
28467,2
28468,3
28469,5
28470,5
28471,3
28472,1
28473,1
28474,2
28475,0
28476,2
28477,5
28478,2
28479,0
28480,4
28481,5
28482,0
28483,4
28484,3
28485,5
28486,5
28487,5
28488,6
28489,0
28490,3
28491,0
28492,1
28493,6
28494,1
28495,1
28496,5
28497,6
28498,3
28499,3
28500,3
28501,2
28502,6
28503,6
28504,5
28505,0
28506,6
28507,3
28508,5
28509,0
28510,6
28511,5
28512,5
28513,4
28514,6
28515,3
28516,6
28517,0
28518,5
28519,0
28520,5
28521,5
28522,4
28523,5
28524,3
28525,3
28526,1
28527,3
28528,5
28529,6
28530,4
28531,0
28532,6
28533,1
28534,0
28535,5
28536,0
28537,4
28538,5
28539,4
28540,0
28541,2
28542,5
28543,0
28544,1
28545,1
28546,4
28547,0
28548,5
28549,3
28550,0
28551,1
28552,5
28553,5
28554,4
28555,0
28556,0
28557,5
28558,6
28559,5
28560,2
28561,1
28562,5
28563,2
28564,0
28565,2
28566,3
28567,0
28568,5
28569,5
28570,2
28571,5
28572,5
28573,3
28574,2
28575,3
28576,2
28577,5
28578,1
28579,2
28580,3
28581,1
28582,5
28583,5
28584,5
28585,5
28586,5
28587,4
28588,4
28589,6
28590,5
28591,5
28592,6
28593,6
28594,3
28595,6
28596,3
28597,0
28598,0
28599,5
28600,5
28601,3
28602,6
28603,6
28604,5
28605,6
28606,0
28607,6
28608,5
28609,5
28610,5
28611,6
28612,5
28613,6
28614,6
28615,3
28616,5
28617,6
28618,0
28619,5
28620,6
28621,2
28622,0
28623,6
28624,1
28625,5
28626,0
28627,3
28628,3
28629,5
28630,3
28631,5
28632,0
28633,5
28634,5
28635,6
28636,5
28637,5
28638,5
28639,5
28640,0
28641,6
28642,3
28643,5
28644,5
28645,0
28646,6
28647,5
28648,2
28649,3
28650,5
28651,0
28652,5
28653,5
28654,5
28655,5
28656,5
28657,5
28658,6
28659,5
28660,5
28661,1
28662,5
28663,6
28664,5
28665,0
28666,6
28667,4
28668,2
28669,3
28670,6
28671,2
28672,5
28673,5
28674,4
28675,5
28676,1
28677,5
28678,6
28679,6
28680,6
28681,5
28682,4
28683,6
28684,4
28685,4
28686,5
28687,4
28688,0
28689,6
28690,5
28691,3
28692,5
28693,3
28694,3
28695,6
28696,6
28697,5
28698,5
28699,1
28700,0
28701,0
28702,5
28703,5
28704,2
28705,6
28706,5
28707,1
28708,5
28709,1
28710,6
28711,1
28712,6
28713,0
28714,5
28715,5
28716,6
28717,6
28718,5
28719,6
28720,5
28721,6
28722,5
28723,0
28724,6
28725,0
28726,0
28727,0
28728,5
28729,2
28730,3
28731,5
28732,0
28733,5
28734,5
28735,1
28736,6
28737,5
28738,4
28739,6
28740,0
28741,5
28742,5
28743,5
28744,6
28745,0
28746,1
28747,5
28748,3
28749,6
28750,5
28751,4
28752,5
28753,6
28754,5
28755,6
28756,0
28757,2
28758,5
28759,3
28760,4
28761,0
28762,3
28763,5
28764,5
28765,1
28766,3
28767,5
28768,5
28769,5
28770,6
28771,5
28772,3
28773,5
28774,5
28775,0
28776,0
28777,3
28778,5
28779,3
28780,0
28781,1
28782,6
28783,6
28784,0
28785,3
28786,1
28787,5
28788,0
28789,5
28790,6
28791,2
28792,5
28793,5
28794,5
28795,6
28796,1
28797,1
28798,5
28799,0
28800,5
28801,5
28802,4
28803,4
28804,0
28805,3
28806,5
28807,6
28808,6
28809,0
28810,4
28811,2
28812,5
28813,5
28814,1
28815,0
28816,1
28817,1
28818,6
28819,5
28820,3
28821,5
28822,0
28823,6
28824,5
28825,3
28826,0
28827,6
28828,0
28829,5
28830,6
28831,6
28832,6
28833,0
28834,6
28835,1
28836,6
28837,6
28838,1
28839,0
28840,6
28841,6
28842,2
28843,6
28844,1
28845,6
28846,5
28847,5
28848,5
28849,3
28850,1
28851,5
28852,1
28853,6
28854,1
28855,3
28856,6
28857,0
28858,5
28859,2
28860,3
28861,1
28862,6
28863,5
28864,6
28865,6
28866,5
28867,4
28868,5
28869,4
28870,6
28871,5
28872,0
28873,2
28874,6
28875,2
28876,0
28877,4
28878,1
28879,6
28880,6
28881,2
28882,3
28883,5
28884,5
28885,6
28886,1
28887,3
28888,0
28889,6
28890,6
28891,5
28892,5
28893,0
28894,2
28895,3
28896,1
28897,0
28898,5
28899,5
28900,5
28901,6
28902,3
28903,6
28904,6
28905,1
28906,1
28907,5
28908,5
28909,0
28910,0
28911,4
28912,6
28913,1
28914,5
28915,2
28916,5
28917,3
28918,5
28919,0
28920,3
28921,6
28922,6
28923,5
28924,6
28925,6
28926,5
28927,5
28928,5
28929,3
28930,0
28931,0
28932,4
28933,1
28934,3
28935,4
28936,5
28937,5
28938,2
28939,5
28940,1
28941,5
28942,6
28943,5
28944,6
28945,0
28946,6
28947,1
28948,2
28949,6
28950,5
28951,2
28952,5
28953,0
28954,5
28955,5
28956,6
28957,5
28958,2
28959,0
28960,5
28961,6
28962,1
28963,5
28964,5
28965,6
28966,2
28967,5
28968,6
28969,6
28970,5
28971,6
28972,4
28973,0
28974,0
28975,4
28976,3
28977,5
28978,2
28979,3
28980,5
28981,6
28982,2
28983,6
28984,6
28985,5
28986,0
28987,0
28988,3
28989,5
28990,6
28991,5
28992,6
28993,6
28994,6
28995,0
28996,3
28997,5
28998,5
28999,4
29000,3
29001,3
29002,6
29003,6
29004,0
29005,2
29006,0
29007,6
29008,2
29009,1
29010,0
29011,5
29012,5
29013,6
29014,1
29015,6
29016,0
29017,6
29018,0
29019,1
29020,5
29021,2
29022,5
29023,5
29024,5
29025,4
29026,6
29027,1
29028,2
29029,6
29030,0
29031,5
29032,0
29033,2
29034,3
29035,0
29036,4
29037,5
29038,5
29039,5
29040,2
29041,5
29042,3
29043,0
29044,5
29045,2
29046,5
29047,5
29048,5
29049,5
29050,3
29051,5
29052,2
29053,0
29054,2
29055,5
29056,6
29057,5
29058,0
29059,1
29060,5
29061,5
29062,6
29063,5
29064,6
29065,6
29066,1
29067,5
29068,2
29069,0
29070,1
29071,1
29072,0
29073,6
29074,6
29075,0
29076,5
29077,2
29078,5
29079,6
29080,5
29081,6
29082,3
29083,5
29084,4
29085,6
29086,3
29087,2
29088,3
29089,0
29090,5
29091,5
29092,6
29093,5
29094,0
29095,2
29096,3
29097,1
29098,2
29099,4
29100,3
29101,2
29102,6
29103,5
29104,5
29105,6
29106,3
29107,0
29108,0
29109,5
29110,5
29111,6
29112,0
29113,6
29114,3
29115,1
29116,5
29117,5
29118,5
29119,6
29120,0
29121,5
29122,6
29123,5
29124,5
29125,6
29126,2
29127,0
29128,0
29129,3
29130,6
29131,4
29132,6
29133,0
29134,6
29135,1
29136,0
29137,6
29138,1
29139,5
29140,6
29141,0
29142,5
29143,0
29144,3
29145,1
29146,6
29147,1
29148,6
29149,0
29150,0
29151,5
29152,2
29153,5
29154,2
29155,3
29156,5
29157,3
29158,5
29159,6
29160,5
29161,5
29162,1
29163,2
29164,5
29165,1
29166,0
29167,2
29168,5
29169,5
29170,2
29171,5
29172,3
29173,3
29174,5
29175,0
29176,0
29177,3
29178,1
29179,0
29180,5
29181,2
29182,6
29183,6
29184,0
29185,3
29186,5
29187,5
29188,0
29189,6
29190,2
29191,5
29192,0
29193,0
29194,5
29195,6
29196,5
29197,3
29198,0
29199,0
29200,5
29201,5
29202,1
29203,2
29204,5
29205,5
29206,5
29207,0
29208,5
29209,0
29210,5
29211,2
29212,5
29213,5
29214,1
29215,6
29216,1
29217,0
29218,6
29219,1
29220,5
29221,0
29222,6
29223,0
29224,3
29225,6
29226,2
29227,5
29228,5
29229,6
29230,5
29231,6
29232,2
29233,0
29234,2
29235,0
29236,5
29237,0
29238,6
29239,6
29240,3
29241,6
29242,6
29243,0
29244,5
29245,6
29246,6
29247,5
29248,4
29249,5
29250,4
29251,6
29252,3
29253,4
29254,4
29255,3
29256,5
29257,3
29258,1
29259,1
29260,3
29261,5
29262,5
29263,6
29264,2
29265,4
29266,5
29267,5
29268,0
29269,4
29270,6
29271,5
29272,6
29273,0
29274,0
29275,2
29276,5
29277,0
29278,6
29279,4
29280,5
29281,5
29282,0
29283,0
29284,5
29285,5
29286,1
29287,1
29288,0
29289,5
29290,3
29291,4
29292,3
29293,6
29294,0
29295,6
29296,1
29297,6
29298,1
29299,6
29300,6
29301,6
29302,1
29303,2
29304,3
29305,3
29306,0
29307,6
29308,1
29309,5
29310,0
29311,6
29312,3
29313,5
29314,6
29315,2
29316,5
29317,5
29318,1
29319,1
29320,1
29321,6
29322,0
29323,5
29324,6
29325,1
29326,0
29327,6
29328,2
29329,6
29330,3
29331,2
29332,6
29333,5
29334,1
29335,0
29336,5
29337,6
29338,3
29339,1
29340,5
29341,2
29342,5
29343,5
29344,0
29345,5
29346,6
29347,2
29348,1
29349,3
29350,4
29351,5
29352,6
29353,5
29354,5
29355,3
29356,5
29357,5
29358,2
29359,6
29360,6
29361,5
29362,2
29363,1
29364,3
29365,6
29366,5
29367,5
29368,0
29369,3
29370,0
29371,1
29372,3
29373,0
29374,5
29375,5
29376,2
29377,6
29378,6
29379,5
29380,6
29381,5
29382,0
29383,5
29384,1
29385,6
29386,3
29387,6
29388,0
29389,5
29390,0
29391,5
29392,3
29393,6
29394,5
29395,4
29396,6
29397,5
29398,5
29399,2
29400,3
29401,4
29402,6
29403,0
29404,5
29405,4
29406,1
29407,6
29408,0
29409,2
29410,6
29411,2
29412,0
29413,0
29414,1
29415,0
29416,5
29417,2
29418,1
29419,1
29420,0
29421,3
29422,6
29423,6
29424,5
29425,4
29426,3
29427,3
29428,6
29429,5
29430,0
29431,5
29432,0
29433,5
29434,6
29435,2
29436,5
29437,5
29438,6
29439,4
29440,3
29441,0
29442,1
29443,5
29444,0
29445,6
29446,6
29447,5
29448,6
29449,0
29450,5
29451,1
29452,5
29453,6
29454,4
29455,6
29456,0
29457,5
29458,5
29459,5
29460,2
29461,0
29462,0
29463,5
29464,5
29465,0
29466,6
29467,0
29468,3
29469,4
29470,5
29471,5
29472,6
29473,2
29474,5
29475,5
29476,6
29477,6
29478,0
29479,0
29480,1
29481,1
29482,6
29483,6
29484,6
29485,0
29486,0
29487,0
29488,4
29489,0
29490,0
29491,2
29492,2
29493,5
29494,5
29495,2
29496,6
29497,0
29498,5
29499,1
29500,1
29501,5
29502,3
29503,1
29504,5
29505,5
29506,6
29507,0
29508,1
29509,5
29510,0
29511,5
29512,4
29513,0
29514,3
29515,3
29516,2
29517,6
29518,5
29519,6
29520,5
29521,2
29522,4
29523,1
29524,0
29525,5
29526,5
29527,1
29528,1
29529,3
29530,5
29531,5
29532,5
29533,5
29534,6
29535,1
29536,1
29537,0
29538,6
29539,5
29540,1
29541,3
29542,1
29543,3
29544,6
29545,5
29546,4
29547,0
29548,3
29549,5
29550,6
29551,3
29552,6
29553,3
29554,5
29555,6
29556,6
29557,0
29558,5
29559,4
29560,4
29561,1
29562,5
29563,3
29564,1
29565,0
29566,3
29567,6
29568,3
29569,3
29570,4
29571,4
29572,5
29573,6
29574,0
29575,2
29576,3
29577,3
29578,4
29579,5
29580,5
29581,3
29582,3
29583,5
29584,3
29585,6
29586,5
29587,5
29588,4
29589,5
29590,5
29591,2
29592,6
29593,5
29594,3
29595,0
29596,0
29597,5
29598,6
29599,2
29600,6
29601,5
29602,0
29603,6
29604,5
29605,3
29606,2
29607,1
29608,3
29609,6
29610,6
29611,3
29612,5
29613,6
29614,0
29615,2
29616,0
29617,2
29618,1
29619,5
29620,5
29621,2
29622,1
29623,5
29624,3
29625,5
29626,3
29627,5
29628,4
29629,1
29630,0
29631,5
29632,3
29633,0
29634,0
29635,6
29636,1
29637,4
29638,0
29639,5
29640,6
29641,0
29642,6
29643,6
29644,0
29645,5
29646,6
29647,2
29648,2
29649,2
29650,5
29651,0
29652,3
29653,3
29654,5
29655,5
29656,5
29657,5
29658,4
29659,3
29660,0
29661,5
29662,3
29663,5
29664,5
29665,1
29666,3
29667,0
29668,4
29669,1
29670,6
29671,4
29672,5
29673,5
29674,3
29675,1
29676,5
29677,0
29678,2
29679,1
29680,4
29681,2
29682,0
29683,4
29684,0
29685,6
29686,3
29687,6
29688,6
29689,5
29690,3
29691,2
29692,1
29693,2
29694,0
29695,5
29696,6
29697,5
29698,5
29699,5
29700,5
29701,3
29702,3
29703,5
29704,0
29705,1
29706,5
29707,2
29708,3
29709,5
29710,5
29711,4
29712,5
29713,5
29714,5
29715,0
29716,3
29717,4
29718,5
29719,0
29720,3
29721,4
29722,5
29723,1
29724,5
29725,0
29726,5
29727,5
29728,6
29729,3
29730,3
29731,6
29732,5
29733,6
29734,6
29735,5
29736,5
29737,0
29738,3
29739,1
29740,6
29741,3
29742,1
29743,1
29744,5
29745,4
29746,2
29747,1
29748,0
29749,0
29750,5
29751,0
29752,3
29753,6
29754,0
29755,0
29756,5
29757,5
29758,5
29759,0
29760,5
29761,0
29762,6
29763,6
29764,1
29765,4
29766,6
29767,0
29768,0
29769,0
29770,0
29771,1
29772,0
29773,0
29774,5
29775,0
29776,1
29777,1
29778,5
29779,5
29780,5
29781,0
29782,1
29783,6
29784,6
29785,6
29786,2
29787,0
29788,5
29789,2
29790,4
29791,6
29792,5
29793,6
29794,0
29795,3
29796,3
29797,5
29798,0
29799,0
29800,0
29801,1
29802,3
29803,1
29804,6
29805,5
29806,2
29807,6
29808,5
29809,1
29810,5
29811,2
29812,1
29813,0
29814,5
29815,6
29816,3
29817,2
29818,6
29819,2
29820,2
29821,6
29822,1
29823,5
29824,5
29825,5
29826,3
29827,5
29828,5
29829,3
29830,5
29831,3
29832,6
29833,6
29834,5
29835,4
29836,6
29837,1
29838,1
29839,5
29840,5
29841,6
29842,2
29843,5
29844,6
29845,5
29846,0
29847,5
29848,5
29849,3
29850,5
29851,5
29852,2
29853,6
29854,6
29855,5
29856,3
29857,0
29858,0
29859,5
29860,6
29861,5
29862,1
29863,5
29864,4
29865,2
29866,5
29867,5
29868,0
29869,6
29870,2
29871,1
29872,6
29873,0
29874,0
29875,1
29876,0
29877,6
29878,0
29879,3
29880,0
29881,5
29882,6
29883,5
29884,3
29885,5
29886,3
29887,2
29888,5
29889,6
29890,6
29891,5
29892,5
29893,0
29894,6
29895,5
29896,2
29897,5
29898,5
29899,6
29900,5
29901,5
29902,5
29903,6
29904,5
29905,5
29906,1
29907,0
29908,0
29909,2
29910,5
29911,4
29912,4
29913,6
29914,1
29915,4
29916,4
29917,5
29918,2
29919,1
29920,6
29921,3
29922,6
29923,0
29924,2
29925,0
29926,1
29927,2
29928,1
29929,1
29930,3
29931,0
29932,6
29933,5
29934,1
29935,6
29936,6
29937,5
29938,0
29939,2
29940,1
29941,2
29942,5
29943,5
29944,2
29945,6
29946,5
29947,3
29948,0
29949,0
29950,5
29951,6
29952,2
29953,5
29954,5
29955,2
29956,0
29957,5
29958,5
29959,5
29960,5
29961,1
29962,0
29963,0
29964,6
29965,3
29966,0
29967,0
29968,2
29969,3
29970,0
29971,4
29972,4
29973,5
29974,0
29975,5
29976,5
29977,5
29978,5
29979,2
29980,0
29981,0
29982,6
29983,6
29984,5
29985,3
29986,2
29987,5
29988,5
29989,6
29990,3
29991,6
29992,0
29993,5
29994,4
29995,5
29996,5
29997,1
29998,3
29999,6
30000,3
30001,5
30002,5
30003,0
30004,4
30005,0
30006,4
30007,4
30008,6
30009,3
30010,2
30011,6
30012,3
30013,2
30014,3
30015,0
30016,0
30017,5
30018,5
30019,5
30020,5
30021,0
30022,1
30023,5
30024,1
30025,5
30026,3
30027,5
30028,5
30029,5
30030,6
30031,1
30032,0
30033,5
30034,0
30035,4
30036,1
30037,0
30038,5
30039,5
30040,2
30041,6
30042,0
30043,0
30044,5
30045,5
30046,5
30047,2
30048,3
30049,5
30050,6
30051,3
30052,5
30053,2
30054,2
30055,6
30056,5
30057,2
30058,3
30059,5
30060,5
30061,0
30062,2
30063,1
30064,1
30065,2
30066,5
30067,6
30068,5
30069,5
30070,5
30071,1
30072,5
30073,6
30074,0
30075,1
30076,5
30077,6
30078,4
30079,5
30080,2
30081,2
30082,5
30083,1
30084,5
30085,4
30086,0
30087,0
30088,5
30089,5
30090,1
30091,4
30092,5
30093,5
30094,6
30095,5
30096,5
30097,2
30098,5
30099,1
30100,5
30101,6
30102,2
30103,4
30104,4
30105,1
30106,0
30107,5
30108,1
30109,4
30110,3
30111,0
30112,1
30113,1
30114,3
30115,6
30116,5
30117,2
30118,5
30119,6
30120,3
30121,1
30122,5
30123,2
30124,5
30125,0
30126,2
30127,6
30128,0
30129,1
30130,0
30131,5
30132,5
30133,0
30134,1
30135,6
30136,5
30137,0
30138,0
30139,5
30140,6
30141,5
30142,2
30143,6
30144,5
30145,5
30146,0
30147,6
30148,5
30149,5
30150,5
30151,5
30152,5
30153,5
30154,5
30155,5
30156,5
30157,3
30158,5
30159,4
30160,2
30161,2
30162,5
30163,5
30164,5
30165,5
30166,6
30167,3
30168,5
30169,0
30170,5
30171,5
30172,6
30173,0
30174,5
30175,0
30176,5
30177,1
30178,0
30179,3
30180,5
30181,5
30182,5
30183,4
30184,5
30185,3
30186,5
30187,0
30188,3
30189,2
30190,6
30191,1
30192,0
30193,6
30194,0
30195,2
30196,6
30197,2
30198,3
30199,5
30200,2
30201,5
30202,2
30203,5
30204,1
30205,0
30206,0
30207,5
30208,0
30209,6
30210,0
30211,6
30212,6
30213,4
30214,5
30215,5
30216,6
30217,0
30218,2
30219,0
30220,4
30221,2
30222,5
30223,3
30224,0
30225,1
30226,2
30227,5
30228,5
30229,5
30230,1
30231,1
30232,3
30233,5
30234,2
30235,6
30236,0
30237,1
30238,5
30239,6
30240,5
30241,5
30242,1
30243,6
30244,5
30245,5
30246,2
30247,1
30248,3
30249,5
30250,5
30251,5
30252,5
30253,5
30254,0
30255,5
30256,3
30257,1
30258,2
30259,2
30260,5
30261,2
30262,6
30263,5
30264,6
30265,0
30266,5
30267,3
30268,6
30269,0
30270,6
30271,3
30272,0
30273,1
30274,6
30275,1
30276,2
30277,4
30278,5
30279,4
30280,0
30281,0
30282,0
30283,6
30284,5
30285,5
30286,3
30287,5
30288,6
30289,6
30290,1
30291,5
30292,1
30293,6
30294,6
30295,5
30296,6
30297,3
30298,5
30299,4
30300,5
30301,5
30302,5
30303,6
30304,0
30305,5
30306,0
30307,3
30308,2
30309,0
30310,6
30311,5
30312,3
30313,4
30314,0
30315,5
30316,2
30317,5
30318,6
30319,5
30320,3
30321,3
30322,4
30323,0
30324,6
30325,5
30326,3
30327,5
30328,6
30329,0
30330,5
30331,0
30332,6
30333,5
30334,5
30335,1
30336,5
30337,0
30338,5
30339,5
30340,1
30341,5
30342,1
30343,2
30344,0
30345,1
30346,5
30347,5
30348,0
30349,5
30350,6
30351,0
30352,4
30353,5
30354,3
30355,4
30356,2
30357,1
30358,6
30359,6
30360,5
30361,0
30362,5
30363,5
30364,3
30365,6
30366,0
30367,0
30368,5
30369,4
30370,3
30371,4
30372,3
30373,4
30374,3
30375,5
30376,5
30377,5
30378,5
30379,1
30380,1
30381,3
30382,0
30383,6
30384,0
30385,2
30386,6
30387,6
30388,0
30389,5
30390,5
30391,6
30392,3
30393,5
30394,6
30395,4
30396,5
30397,3
30398,5
30399,1
30400,1
30401,4
30402,0
30403,5
30404,5
30405,4
30406,5
30407,5
30408,3
30409,3
30410,6
30411,3
30412,5
30413,1
30414,6
30415,5
30416,5
30417,2
30418,5
30419,1
30420,3
30421,1
30422,1
30423,5
30424,6
30425,6
30426,6
30427,3
30428,3
30429,2
30430,5
30431,5
30432,5
30433,2
30434,4
30435,0
30436,2
30437,5
30438,6
30439,5
30440,5
30441,6
30442,1
30443,2
30444,6
30445,5
30446,0
30447,0
30448,6
30449,0
30450,6
30451,5
30452,4
30453,6
30454,5
30455,5
30456,0
30457,5
30458,1
30459,5
30460,5
30461,2
30462,5
30463,2
30464,5
30465,0
30466,0
30467,5
30468,5
30469,1
30470,5
30471,2
30472,6
30473,5
30474,6
30475,4
30476,1
30477,6
30478,6
30479,5
30480,5
30481,2
30482,1
30483,3
30484,5
30485,5
30486,6
30487,1
30488,5
30489,0
30490,1
30491,5
30492,2
30493,5
30494,6
30495,3
30496,6
30497,6
30498,6
30499,5
30500,5
30501,0
30502,5
30503,3
30504,5
30505,6
30506,3
30507,5
30508,1
30509,2
30510,0
30511,5
30512,0
30513,4
30514,3
30515,5
30516,2
30517,6
30518,0
30519,0
30520,5
30521,1
30522,5
30523,5
30524,4
30525,0
30526,2
30527,5
30528,5
30529,0
30530,3
30531,5
30532,4
30533,6
30534,3
30535,4
30536,5
30537,3
30538,6
30539,6
30540,3
30541,6
30542,6
30543,0
30544,5
30545,5
30546,6
30547,0
30548,0
30549,6
30550,6
30551,6
30552,5
30553,5
30554,1
30555,6
30556,5
30557,5
30558,6
30559,4
30560,6
30561,6
30562,0
30563,6
30564,5
30565,1
30566,5
30567,5
30568,0
30569,6
30570,6
30571,0
30572,0
30573,1
30574,5
30575,6
30576,5
30577,3
30578,1
30579,2
30580,5
30581,5
30582,5
30583,0
30584,0
30585,6
30586,1
30587,5
30588,2
30589,0
30590,0
30591,5
30592,1
30593,0
30594,5
30595,2
30596,0
30597,6
30598,0
30599,2
30600,6
30601,0
30602,1
30603,0
30604,5
30605,1
30606,5
30607,5
30608,3
30609,5
30610,5
30611,6
30612,5
30613,3
30614,5
30615,0
30616,3
30617,6
30618,2
30619,5
30620,0
30621,5
30622,5
30623,6
30624,5
30625,3
30626,5
30627,6
30628,5
30629,5
30630,4
30631,5
30632,6
30633,0
30634,0
30635,5
30636,5
30637,1
30638,5
30639,0
30640,4
30641,0
30642,3
30643,5
30644,0
30645,5
30646,2
30647,5
30648,5
30649,6
30650,3
30651,5
30652,1
30653,5
30654,6
30655,1
30656,2
30657,0
30658,5
30659,0
30660,1
30661,0
30662,6
30663,6
30664,0
30665,6
30666,6
30667,5
30668,5
30669,1
30670,4
30671,1
30672,0
30673,4
30674,5
30675,1
30676,4
30677,5
30678,6
30679,1
30680,6
30681,3
30682,5
30683,5
30684,5
30685,1
30686,0
30687,1
30688,3
30689,1
30690,3
30691,2
30692,6
30693,0
30694,0
30695,5
30696,2
30697,6
30698,4
30699,0
30700,5
30701,0
30702,6
30703,0
30704,5
30705,5
30706,1
30707,5
30708,6
30709,5
30710,0
30711,6
30712,5
30713,5
30714,2
30715,1
30716,0
30717,5
30718,5
30719,1
30720,5
30721,5
30722,6
30723,2
30724,5
30725,5
30726,6
30727,2
30728,6
30729,5
30730,3
30731,5
30732,6
30733,6
30734,2
30735,3
30736,2
30737,6
30738,6
30739,0
30740,5
30741,6
30742,2
30743,6
30744,6
30745,5
30746,0
30747,6
30748,5
30749,6
30750,5
30751,0
30752,5
30753,5
30754,0
30755,3
30756,5
30757,5
30758,6
30759,0
30760,1
30761,6
30762,5
30763,5
30764,1
30765,0
30766,4
30767,3
30768,0
30769,1
30770,6
30771,4
30772,4
30773,6
30774,5
30775,3
30776,6
30777,1
30778,0
30779,0
30780,5
30781,1
30782,1
30783,5
30784,6
30785,5
30786,0
30787,5
30788,1
30789,3
30790,3
30791,1
30792,5
30793,6
30794,1
30795,6
30796,5
30797,1
30798,0
30799,1
30800,1
30801,5
30802,0
30803,1
30804,5
30805,3
30806,2
30807,5
30808,0
30809,5
30810,1
30811,4
30812,5
30813,6
30814,3
30815,0
30816,2
30817,5
30818,3
30819,6
30820,6
30821,2
30822,2
30823,2
30824,6
30825,0
30826,0
30827,1
30828,5
30829,3
30830,5
30831,5
30832,3
30833,6
30834,0
30835,5
30836,3
30837,0
30838,1
30839,2
30840,5
30841,6
30842,1
30843,5
30844,2
30845,2
30846,1
30847,0
30848,1
30849,2
30850,5
30851,2
30852,3
30853,1
30854,5
30855,5
30856,6
30857,1
30858,0
30859,1
30860,6
30861,0
30862,3
30863,2
30864,5
30865,1
30866,0
30867,5
30868,2
30869,5
30870,5
30871,5
30872,0
30873,5
30874,5
30875,4
30876,5
30877,5
30878,6
30879,1
30880,0
30881,6
30882,0
30883,0
30884,1
30885,2
30886,1
30887,0
30888,0
30889,5
30890,0
30891,0
30892,5
30893,3
30894,2
30895,0
30896,5
30897,2
30898,6
30899,5
30900,4
30901,2
30902,0
30903,5
30904,5
30905,5
30906,3
30907,5
30908,0
30909,6
30910,5
30911,5
30912,3
30913,3
30914,0
30915,0
30916,3
30917,5
30918,1
30919,3
30920,2
30921,5
30922,6
30923,3
30924,5
30925,5
30926,0
30927,1
30928,0
30929,5
30930,2
30931,0
30932,5
30933,0
30934,3
30935,5
30936,2
30937,5
30938,1
30939,0
30940,5
30941,5
30942,1
30943,2
30944,0
30945,5
30946,5
30947,6
30948,1
30949,5
30950,5
30951,6
30952,6
30953,1
30954,5
30955,6
30956,5
30957,3
30958,6
30959,0
30960,5
30961,6
30962,3
30963,3
30964,3
30965,5
30966,1
30967,6
30968,3
30969,2
30970,0
30971,5
30972,0
30973,5
30974,1
30975,5
30976,4
30977,0
30978,2
30979,6
30980,3
30981,5
30982,6
30983,6
30984,5
30985,0
30986,6
30987,6
30988,6
30989,6
30990,5
30991,6
30992,1
30993,0
30994,0
30995,6
30996,0
30997,4
30998,6
30999,5
31000,6
31001,5
31002,2
31003,0
31004,3
31005,6
31006,1
31007,0
31008,1
31009,2
31010,5
31011,2
31012,5
31013,5
31014,0
31015,1
31016,5
31017,0
31018,2
31019,5
31020,5
31021,1
31022,6
31023,0
31024,5
31025,1
31026,0
31027,5
31028,5
31029,5
31030,4
31031,0
31032,0
31033,6
31034,5
31035,5
31036,3
31037,3
31038,3
31039,6
31040,6
31041,5
31042,2
31043,4
31044,6
31045,0
31046,4
31047,5
31048,6
31049,5
31050,6
31051,5
31052,1
31053,3
31054,6
31055,6
31056,6
31057,0
31058,5
31059,5
31060,2
31061,5
31062,5
31063,0
31064,6
31065,5
31066,5
31067,0
31068,4
31069,2
31070,1
31071,0
31072,0
31073,6
31074,1
31075,2
31076,0
31077,5
31078,6
31079,5
31080,3
31081,5
31082,1
31083,5
31084,3
31085,3
31086,5
31087,3
31088,3
31089,2
31090,1
31091,3
31092,6
31093,5
31094,2
31095,6
31096,5
31097,3
31098,6
31099,5
31100,5
31101,5
31102,1
31103,3
31104,2
31105,1
31106,0
31107,5
31108,1
31109,6
31110,3
31111,5
31112,6
31113,2
31114,3
31115,2
31116,3
31117,6
31118,6
31119,6
31120,6
31121,6
31122,5
31123,0
31124,3
31125,1
31126,5
31127,5
31128,6
31129,5
31130,6
31131,2
31132,5
31133,6
31134,0
31135,5
31136,2
31137,5
31138,0
31139,0
31140,5
31141,5
31142,5
31143,5
31144,5
31145,5
31146,6
31147,5
31148,3
31149,3
31150,0
31151,5
31152,2
31153,0
31154,5
31155,3
31156,5
31157,3
31158,2
31159,3
31160,6
31161,2
31162,6
31163,2
31164,3
31165,2
31166,5
31167,3
31168,5
31169,6
31170,6
31171,0
31172,5
31173,3
31174,5
31175,5
31176,6
31177,5
31178,6
31179,5
31180,5
31181,5
31182,6
31183,6
31184,0
31185,0
31186,1
31187,6
31188,5
31189,2
31190,6
31191,2
31192,5
31193,5
31194,1
31195,0
31196,1
31197,6
31198,5
31199,5
31200,3
31201,5
31202,6
31203,3
31204,4
31205,2
31206,5
31207,5
31208,0
31209,2
31210,1
31211,2
31212,2
31213,5
31214,2
31215,5
31216,0
31217,6
31218,0
31219,6
31220,0
31221,0
31222,5
31223,5
31224,2
31225,3
31226,6
31227,0
31228,5
31229,3
31230,0
31231,6
31232,5
31233,5
31234,5
31235,1
31236,5
31237,4
31238,1
31239,2
31240,3
31241,0
31242,6
31243,0
31244,0
31245,2
31246,2
31247,6
31248,4
31249,6
31250,6
31251,2
31252,5
31253,3
31254,2
31255,2
31256,6
31257,5
31258,2
31259,0
31260,6
31261,0
31262,5
31263,6
31264,0
31265,2
31266,5
31267,5
31268,5
31269,5
31270,1
31271,2
31272,6
31273,5
31274,5
31275,1
31276,1
31277,1
31278,1
31279,5
31280,1
31281,5
31282,6
31283,2
31284,1
31285,5
31286,4
31287,1
31288,3
31289,5
31290,5
31291,5
31292,6
31293,6
31294,0
31295,0
31296,3
31297,5
31298,5
31299,5
31300,5
31301,5
31302,5
31303,0
31304,0
31305,6
31306,5
31307,5
31308,0
31309,0
31310,1
31311,6
31312,5
31313,2
31314,3
31315,6
31316,1
31317,2
31318,5
31319,6
31320,1
31321,0
31322,6
31323,5
31324,0
31325,5
31326,1
31327,2
31328,3
31329,5
31330,5
31331,1
31332,4
31333,0
31334,5
31335,3
31336,0
31337,5
31338,2
31339,1
31340,3
31341,5
31342,6
31343,5
31344,0
31345,0
31346,0
31347,0
31348,0
31349,5
31350,0
31351,2
31352,2
31353,3
31354,5
31355,3
31356,5
31357,6
31358,0
31359,5
31360,5
31361,0
31362,5
31363,5
31364,5
31365,3
31366,0
31367,5
31368,6
31369,0
31370,5
31371,5
31372,5
31373,2
31374,5
31375,0
31376,4
31377,5
31378,0
31379,0
31380,1
31381,6
31382,5
31383,6
31384,2
31385,6
31386,3
31387,2
31388,4
31389,6
31390,5
31391,0
31392,3
31393,3
31394,3
31395,6
31396,1
31397,6
31398,5
31399,0
31400,1
31401,1
31402,5
31403,6
31404,5
31405,0
31406,0
31407,2
31408,0
31409,2
31410,3
31411,5
31412,5
31413,2
31414,5
31415,1
31416,1
31417,4
31418,3
31419,0
31420,6
31421,5
31422,5
31423,5
31424,3
31425,5
31426,5
31427,5
31428,6
31429,5
31430,4
31431,0
31432,0
31433,5
31434,6
31435,0
31436,1
31437,2
31438,2
31439,5
31440,5
31441,6
31442,4
31443,3
31444,5
31445,5
31446,5
31447,5
31448,5
31449,0
31450,4
31451,1
31452,1
31453,1
31454,5
31455,0
31456,2
31457,5
31458,2
31459,1
31460,5
31461,0
31462,6
31463,0
31464,5
31465,1
31466,6
31467,2
31468,5
31469,0
31470,6
31471,5
31472,3
31473,6
31474,6
31475,6
31476,5
31477,0
31478,2
31479,5
31480,0
31481,0
31482,5
31483,6
31484,0
31485,3
31486,0
31487,4
31488,2
31489,0
31490,5
31491,0
31492,0
31493,6
31494,6
31495,5
31496,3
31497,4
31498,5
31499,2
31500,2
31501,1
31502,6
31503,4
31504,6
31505,5
31506,3
31507,0
31508,2
31509,5
31510,2
31511,2
31512,5
31513,5
31514,2
31515,6
31516,2
31517,6
31518,5
31519,5
31520,1
31521,5
31522,5
31523,5
31524,0
31525,5
31526,3
31527,5
31528,2
31529,5
31530,2
31531,1
31532,2
31533,1
31534,2
31535,6
31536,3
31537,0
31538,0
31539,5
31540,4
31541,6
31542,5
31543,6
31544,0
31545,0
31546,2
31547,5
31548,0
31549,1
31550,2
31551,6
31552,5
31553,5
31554,0
31555,1
31556,0
31557,5
31558,5
31559,0
31560,6
31561,0
31562,0
31563,6
31564,5
31565,5
31566,6
31567,4
31568,4
31569,0
31570,5
31571,0
31572,5
31573,5
31574,0
31575,5
31576,6
31577,6
31578,5
31579,6
31580,6
31581,6
31582,6
31583,0
31584,5
31585,6
31586,3
31587,5
31588,4
31589,5
31590,3
31591,5
31592,1
31593,6
31594,0
31595,3
31596,0
31597,3
31598,2
31599,5
31600,1
31601,1
31602,5
31603,5
31604,0
31605,4
31606,0
31607,5
31608,6
31609,3
31610,5
31611,5
31612,5
31613,0
31614,4
31615,0
31616,6
31617,6
31618,3
31619,2
31620,6
31621,5
31622,0
31623,6
31624,1
31625,2
31626,0
31627,4
31628,6
31629,3
31630,5
31631,5
31632,5
31633,3
31634,2
31635,6
31636,0
31637,0
31638,1
31639,2
31640,5
31641,4
31642,0
31643,5
31644,1
31645,6
31646,5
31647,3
31648,5
31649,6
31650,6
31651,5
31652,5
31653,5
31654,6
31655,0
31656,5
31657,6
31658,1
31659,3
31660,0
31661,6
31662,6
31663,5
31664,0
31665,4
31666,6
31667,2
31668,4
31669,5
31670,0
31671,3
31672,6
31673,5
31674,5
31675,6
31676,6
31677,6
31678,5
31679,5
31680,5
31681,6
31682,1
31683,5
31684,1
31685,0
31686,6
31687,2
31688,5
31689,0
31690,5
31691,0
31692,5
31693,1
31694,5
31695,5
31696,6
31697,5
31698,1
31699,5
31700,5
31701,5
31702,6
31703,3
31704,5
31705,5
31706,6
31707,3
31708,5
31709,1
31710,5
31711,1
31712,6
31713,5
31714,2
31715,0
31716,1
31717,5
31718,0
31719,5
31720,0
31721,5
31722,0
31723,4
31724,2
31725,5
31726,5
31727,6
31728,6
31729,5
31730,2
31731,2
31732,5
31733,0
31734,5
31735,5
31736,1
31737,5
31738,1
31739,0
31740,5
31741,4
31742,1
31743,3
31744,6
31745,6
31746,2
31747,5
31748,0
31749,6
31750,5
31751,5
31752,6
31753,3
31754,5
31755,5
31756,0
31757,0
31758,3
31759,3
31760,4
31761,1
31762,0
31763,5
31764,3
31765,6
31766,6
31767,5
31768,5
31769,4
31770,1
31771,6
31772,5
31773,5
31774,6
31775,6
31776,0
31777,6
31778,6
31779,1
31780,3
31781,0
31782,6
31783,4
31784,4
31785,5
31786,3
31787,3
31788,6
31789,1
31790,5
31791,1
31792,3
31793,5
31794,6
31795,6
31796,3
31797,5
31798,3
31799,0
31800,1
31801,1
31802,2
31803,5
31804,5
31805,5
31806,5
31807,6
31808,0
31809,1
31810,1
31811,0
31812,6
31813,0
31814,4
31815,1
31816,6
31817,6
31818,5
31819,4
31820,5
31821,5
31822,6
31823,5
31824,0
31825,5
31826,1
31827,0
31828,3
31829,0
31830,2
31831,5
31832,5
31833,2
31834,2
31835,1
31836,5
31837,2
31838,6
31839,5
31840,1
31841,0
31842,1
31843,3
31844,5
31845,0
31846,6
31847,5
31848,5
31849,4
31850,5
31851,3
31852,6
31853,5
31854,3
31855,6
31856,3
31857,0
31858,1
31859,1
31860,5
31861,5
31862,0
31863,5
31864,5
31865,5
31866,5
31867,6
31868,1
31869,6
31870,1
31871,5
31872,2
31873,0
31874,0
31875,0
31876,6
31877,2
31878,5
31879,0
31880,6
31881,5
31882,0
31883,5
31884,6
31885,5
31886,0
31887,6
31888,6
31889,0
31890,3
31891,6
31892,1
31893,3
31894,6
31895,0
31896,0
31897,3
31898,1
31899,3
31900,4
31901,5
31902,5
31903,6
31904,2
31905,2
31906,5
31907,3
31908,5
31909,6
31910,4
31911,5
31912,4
31913,0
31914,4
31915,6
31916,6
31917,0
31918,5
31919,5
31920,0
31921,3
31922,3
31923,2
31924,1
31925,3
31926,1
31927,3
31928,6
31929,3
31930,5
31931,3
31932,6
31933,5
31934,3
31935,6
31936,5
31937,4
31938,6
31939,0
31940,2
31941,1
31942,0
31943,6
31944,4
31945,2
31946,0
31947,0
31948,6
31949,5
31950,5
31951,0
31952,0
31953,2
31954,5
31955,0
31956,6
31957,5
31958,6
31959,3
31960,6
31961,0
31962,4
31963,3
31964,3
31965,1
31966,5
31967,1
31968,0
31969,6
31970,6
31971,4
31972,5
31973,1
31974,3
31975,1
31976,2
31977,1
31978,5
31979,1
31980,0
31981,5
31982,5
31983,5
31984,0
31985,6
31986,1
31987,3
31988,6
31989,6
31990,5
31991,5
31992,5
31993,3
31994,4
31995,6
31996,5
31997,4
31998,2
31999,3
32000,0
32001,1
32002,6
32003,5
32004,3
32005,2
32006,5
32007,0
32008,5
32009,4
32010,2
32011,6
32012,3
32013,3
32014,5
32015,2
32016,4
32017,2
32018,6
32019,1
32020,4
32021,0
32022,2
32023,6
32024,6
32025,1
32026,5
32027,5
32028,5
32029,1
32030,3
32031,6
32032,0
32033,6
32034,6
32035,5
32036,6
32037,4
32038,1
32039,5
32040,3
32041,1
32042,4
32043,0
32044,3
32045,5
32046,6
32047,0
32048,0
32049,0
32050,3
32051,2
32052,4
32053,6
32054,6
32055,6
32056,2
32057,2
32058,2
32059,5
32060,5
32061,6
32062,5
32063,0
32064,2
32065,3
32066,4
32067,5
32068,5
32069,6
32070,6
32071,0
32072,0
32073,5
32074,2
32075,3
32076,5
32077,6
32078,0
32079,6
32080,5
32081,4
32082,4
32083,6
32084,1
32085,5
32086,5
32087,0
32088,6
32089,1
32090,2
32091,6
32092,6
32093,0
32094,0
32095,2
32096,3
32097,1
32098,2
32099,3
32100,5
32101,0
32102,5
32103,5
32104,5
32105,1
32106,5
32107,3
32108,3
32109,0
32110,3
32111,0
32112,6
32113,6
32114,5
32115,1
32116,6
32117,2
32118,5
32119,5
32120,5
32121,1
32122,4
32123,0
32124,1
32125,0
32126,2
32127,5
32128,2
32129,0
32130,3
32131,5
32132,5
32133,5
32134,6
32135,5
32136,5
32137,2
32138,2
32139,5
32140,2
32141,1
32142,5
32143,5
32144,5
32145,0
32146,5
32147,5
32148,6
32149,1
32150,6
32151,3
32152,2
32153,5
32154,6
32155,0
32156,6
32157,0
32158,2
32159,5
32160,5
32161,6
32162,4
32163,3
32164,0
32165,6
32166,0
32167,0
32168,6
32169,0
32170,6
32171,1
32172,6
32173,0
32174,5
32175,6
32176,1
32177,5
32178,2
32179,6
32180,5
32181,6
32182,0
32183,0
32184,5
32185,2
32186,5
32187,5
32188,3
32189,5
32190,3
32191,6
32192,5
32193,6
32194,3
32195,1
32196,3
32197,6
32198,3
32199,5
32200,1
32201,4
32202,0
32203,5
32204,3
32205,6
32206,5
32207,0
32208,5
32209,4
32210,0
32211,2
32212,0
32213,3
32214,0
32215,6
32216,0
32217,1
32218,5
32219,5
32220,5
32221,5
32222,0
32223,4
32224,5
32225,1
32226,1
32227,3
32228,5
32229,0
32230,6
32231,0
32232,1
32233,6
32234,6
32235,0
32236,2
32237,5
32238,5
32239,0
32240,5
32241,0
32242,6
32243,6
32244,6
32245,1
32246,5
32247,5
32248,5
32249,6
32250,6
32251,0
32252,6
32253,6
32254,6
32255,5
32256,2
32257,3
32258,4
32259,6
32260,6
32261,3
32262,5
32263,5
32264,0
32265,0
32266,0
32267,6
32268,0
32269,0
32270,1
32271,0
32272,1
32273,0
32274,3
32275,5
32276,6
32277,6
32278,6
32279,3
32280,5
32281,5
32282,5
32283,0
32284,5
32285,2
32286,2
32287,5
32288,6
32289,4
32290,1
32291,2
32292,2
32293,1
32294,0
32295,6
32296,0
32297,5
32298,2
32299,6
32300,0
32301,6
32302,5
32303,5
32304,6
32305,6
32306,3
32307,1
32308,0
32309,5
32310,6
32311,0
32312,5
32313,6
32314,1
32315,5
32316,0
32317,2
32318,5
32319,0
32320,4
32321,1
32322,1
32323,6
32324,5
32325,2
32326,6
32327,6
32328,5
32329,5
32330,6
32331,4
32332,4
32333,6
32334,6
32335,5
32336,1
32337,6
32338,2
32339,1
32340,5
32341,6
32342,0
32343,5
32344,0
32345,4
32346,1
32347,0
32348,0
32349,5
32350,5
32351,3
32352,0
32353,2
32354,1
32355,1
32356,6
32357,3
32358,5
32359,1
32360,6
32361,0
32362,5
32363,0
32364,0
32365,1
32366,3
32367,6
32368,6
32369,6
32370,5
32371,5
32372,3
32373,5
32374,0
32375,0
32376,3
32377,5
32378,5
32379,5
32380,0
32381,5
32382,3
32383,5
32384,4
32385,5
32386,5
32387,3
32388,0
32389,5
32390,6
32391,4
32392,5
32393,5
32394,3
32395,6
32396,6
32397,5
32398,4
32399,6
32400,5
32401,5
32402,1
32403,5
32404,5
32405,1
32406,1
32407,5
32408,5
32409,3
32410,0
32411,3
32412,6
32413,5
32414,2
32415,5
32416,6
32417,5
32418,6
32419,2
32420,1
32421,5
32422,5
32423,5
32424,0
32425,4
32426,5
32427,5
32428,5
32429,0
32430,2
32431,5
32432,1
32433,2
32434,0
32435,5
32436,5
32437,5
32438,6
32439,4
32440,0
32441,3
32442,5
32443,4
32444,5
32445,0
32446,3
32447,5
32448,6
32449,0
32450,1
32451,6
32452,3
32453,5
32454,0
32455,6
32456,2
32457,5
32458,5
32459,2
32460,3
32461,3
32462,0
32463,6
32464,3
32465,5
32466,6
32467,2
32468,1
32469,5
32470,2
32471,1
32472,0
32473,1
32474,2
32475,6
32476,6
32477,0
32478,5
32479,0
32480,0
32481,5
32482,6
32483,5
32484,5
32485,3
32486,6
32487,5
32488,6
32489,4
32490,1
32491,4
32492,2
32493,2
32494,5
32495,6
32496,6
32497,3
32498,6
32499,5
32500,1
32501,5
32502,1
32503,5
32504,3
32505,4
32506,5
32507,0
32508,0
32509,5
32510,5
32511,3
32512,5
32513,3
32514,3
32515,6
32516,1
32517,3
32518,2
32519,0
32520,6
32521,6
32522,5
32523,3
32524,3
32525,5
32526,5
32527,2
32528,5
32529,5
32530,5
32531,5
32532,5
32533,5
32534,5
32535,5
32536,6
32537,1
32538,0
32539,6
32540,3
32541,0
32542,6
32543,5
32544,3
32545,0
32546,2
32547,2
32548,5
32549,1
32550,0
32551,5
32552,1
32553,6
32554,6
32555,6
32556,0
32557,3
32558,4
32559,6
32560,6
32561,4
32562,4
32563,2
32564,1
32565,6
32566,5
32567,0
32568,0
32569,6
32570,6
32571,1
32572,5
32573,6
32574,3
32575,3
32576,5
32577,2
32578,5
32579,5
32580,6
32581,5
32582,2
32583,3
32584,6
32585,0
32586,0
32587,5
32588,6
32589,5
32590,6
32591,3
32592,2
32593,5
32594,2
32595,1
32596,6
32597,3
32598,0
32599,3
32600,3
32601,3
32602,3
32603,6
32604,3
32605,0
32606,2
32607,2
32608,5
32609,1
32610,3
32611,1
32612,5
32613,5
32614,3
32615,3
32616,6
32617,5
32618,0
32619,5
32620,6
32621,6
32622,0
32623,6
32624,0
32625,0
32626,6
32627,5
32628,3
32629,6
32630,5
32631,3
32632,5
32633,0
32634,0
32635,5
32636,5
32637,1
32638,5
32639,1
32640,5
32641,1
32642,6
32643,6
32644,0
32645,6
32646,5
32647,2
32648,3
32649,0
32650,2
32651,5
32652,3
32653,0
32654,5
32655,5
32656,1
32657,3
32658,6
32659,1
32660,5
32661,5
32662,0
32663,4
32664,0
32665,3
32666,6
32667,2
32668,5
32669,5
32670,2
32671,5
32672,2
32673,0
32674,1
32675,1
32676,5
32677,6
32678,4
32679,3
32680,5
32681,2
32682,2
32683,4
32684,6
32685,3
32686,6
32687,3
32688,0
32689,4
32690,0
32691,5
32692,5
32693,6
32694,0
32695,0
32696,6
32697,6
32698,5
32699,0
32700,0
32701,5
32702,3
32703,5
32704,0
32705,5
32706,6
32707,6
32708,5
32709,0
32710,5
32711,5
32712,0
32713,1
32714,0
32715,6
32716,6
32717,2
32718,3
32719,6
32720,0
32721,5
32722,1
32723,0
32724,5
32725,4
32726,6
32727,2
32728,5
32729,2
32730,4
32731,5
32732,0
32733,0
32734,3
32735,2
32736,6
32737,4
32738,3
32739,0
32740,0
32741,5
32742,3
32743,1
32744,6
32745,1
32746,1
32747,6
32748,3
32749,4
32750,1
32751,6
32752,3
32753,1
32754,4
32755,1
32756,5
32757,3
32758,0
32759,5
32760,0
32761,5
32762,6
32763,2
32764,0
32765,0
32766,6
32767,5
32768,5
32769,0
32770,3
32771,0
32772,4
32773,5
32774,6
32775,5
32776,5
32777,5
32778,3
32779,0
32780,0
32781,4
32782,2
32783,5
32784,0
32785,4
32786,6
32787,5
32788,6
32789,5
32790,2
32791,6
32792,5
32793,5
32794,0
32795,5
32796,3
32797,5
32798,5
32799,5
32800,2
32801,5
32802,3
32803,0
32804,1
32805,1
32806,0
32807,6
32808,6
32809,2
32810,4
32811,1
32812,6
32813,6
32814,0
32815,6
32816,1
32817,1
32818,1
32819,0
32820,5
32821,5
32822,0
32823,0
32824,6
32825,6
32826,5
32827,4
32828,5
32829,6
32830,2
32831,6
32832,2
32833,3
32834,3
32835,6
32836,5
32837,5
32838,1
32839,5
32840,0
32841,5
32842,6
32843,5
32844,0
32845,5
32846,6
32847,0
32848,2
32849,3
32850,0
32851,1
32852,0
32853,3
32854,5
32855,5
32856,5
32857,0
32858,3
32859,5
32860,5
32861,5
32862,2
32863,4
32864,5
32865,3
32866,0
32867,5
32868,5
32869,4
32870,0
32871,6
32872,5
32873,3
32874,0
32875,6
32876,0
32877,5
32878,5
32879,2
32880,5
32881,0
32882,5
32883,5
32884,6
32885,5
32886,5
32887,5
32888,0
32889,5
32890,0
32891,2
32892,5
32893,5
32894,5
32895,0
32896,5
32897,5
32898,6
32899,2
32900,6
32901,3
32902,5
32903,5
32904,1
32905,1
32906,5
32907,5
32908,0
32909,3
32910,5
32911,1
32912,6
32913,5
32914,5
32915,3
32916,3
32917,0
32918,2
32919,3
32920,2
32921,1
32922,3
32923,5
32924,5
32925,5
32926,0
32927,0
32928,2
32929,1
32930,1
32931,1
32932,5
32933,6
32934,5
32935,2
32936,2
32937,5
32938,6
32939,6
32940,0
32941,5
32942,2
32943,5
32944,5
32945,1
32946,5
32947,6
32948,5
32949,5
32950,2
32951,3
32952,2
32953,3
32954,6
32955,1
32956,6
32957,2
32958,0
32959,5
32960,2
32961,5
32962,6
32963,6
32964,5
32965,5
32966,5
32967,3
32968,0
32969,5
32970,5
32971,6
32972,5
32973,0
32974,6
32975,0
32976,3
32977,2
32978,5
32979,5
32980,0
32981,3
32982,5
32983,6
32984,3
32985,0
32986,5
32987,5
32988,0
32989,3
32990,1
32991,3
32992,3
32993,3
32994,5
32995,4
32996,3
32997,5
32998,1
32999,0
33000,5
33001,5
33002,2
33003,5
33004,5
33005,5
33006,6
33007,5
33008,0
33009,1
33010,0
33011,6
33012,0
33013,5
33014,3
33015,0
33016,4
33017,6
33018,0
33019,5
33020,5
33021,2
33022,5
33023,6
33024,5
33025,5
33026,1
33027,0
33028,5
33029,5
33030,5
33031,0
33032,6
33033,2
33034,1
33035,5
33036,3
33037,5
33038,1
33039,0
33040,0
33041,6
33042,2
33043,5
33044,6
33045,5
33046,5
33047,6
33048,0
33049,1
33050,1
33051,5
33052,5
33053,5
33054,5
33055,2
33056,3
33057,6
33058,5
33059,5
33060,1
33061,6
33062,4
33063,5
33064,6
33065,6
33066,5
33067,5
33068,0
33069,6
33070,5
33071,1
33072,0
33073,1
33074,6
33075,6
33076,5
33077,5
33078,6
33079,0
33080,4
33081,1
33082,5
33083,0
33084,0
33085,5
33086,0
33087,5
33088,5
33089,6
33090,5
33091,6
33092,4
33093,1
33094,5
33095,1
33096,5
33097,5
33098,6
33099,5
33100,6
33101,6
33102,0
33103,5
33104,2
33105,2
33106,0
33107,0
33108,5
33109,3
33110,5
33111,5
33112,2
33113,5
33114,5
33115,3
33116,6
33117,2
33118,3
33119,3
33120,6
33121,5
33122,0
33123,0
33124,4
33125,2
33126,3
33127,6
33128,3
33129,6
33130,0
33131,0
33132,2
33133,2
33134,1
33135,3
33136,5
33137,3
33138,6
33139,5
33140,3
33141,1
33142,0
33143,6
33144,0
33145,6
33146,4
33147,1
33148,2
33149,0
33150,6
33151,6
33152,5
33153,5
33154,6
33155,6
33156,4
33157,3
33158,5
33159,5
33160,6
33161,5
33162,2
33163,2
33164,5
33165,2
33166,5
33167,0
33168,0
33169,5
33170,6
33171,6
33172,5
33173,5
33174,6
33175,0
33176,3
33177,5
33178,1
33179,5
33180,5
33181,4
33182,6
33183,5
33184,3
33185,3
33186,5
33187,5
33188,2
33189,5
33190,0
33191,0
33192,0
33193,3
33194,5
33195,1
33196,0
33197,6
33198,5
33199,5
33200,2
33201,0
33202,6
33203,5
33204,6
33205,3
33206,0
33207,4
33208,6
33209,5
33210,1
33211,4
33212,3
33213,0
33214,0
33215,6
33216,2
33217,5
33218,0
33219,5
33220,5
33221,3
33222,6
33223,5
33224,3
33225,5
33226,6
33227,6
33228,5
33229,6
33230,5
33231,6
33232,1
33233,5
33234,3
33235,3
33236,5
33237,5
33238,5
33239,4
33240,6
33241,5
33242,5
33243,1
33244,0
33245,5
33246,5
33247,5
33248,3
33249,5
33250,6
33251,0
33252,5
33253,6
33254,6
33255,2
33256,5
33257,5
33258,0
33259,2
33260,3
33261,6
33262,6
33263,1
33264,2
33265,2
33266,0
33267,0
33268,5
33269,2
33270,4
33271,5
33272,5
33273,5
33274,5
33275,0
33276,5
33277,6
33278,4
33279,5
33280,2
33281,4
33282,0
33283,1
33284,5
33285,2
33286,5
33287,3
33288,5
33289,0
33290,0
33291,0
33292,3
33293,4
33294,1
33295,6
33296,1
33297,4
33298,5
33299,5
33300,1
33301,0
33302,1
33303,6
33304,6
33305,1
33306,2
33307,2
33308,3
33309,5
33310,5
33311,3
33312,6
33313,1
33314,3
33315,1
33316,6
33317,3
33318,0
33319,5
33320,1
33321,5
33322,5
33323,3
33324,5
33325,0
33326,0
33327,4
33328,6
33329,5
33330,5
33331,3
33332,1
33333,5
33334,5
33335,2
33336,6
33337,5
33338,3
33339,4
33340,5
33341,5
33342,3
33343,6
33344,3
33345,5
33346,5
33347,6
33348,2
33349,5
33350,5
33351,1
33352,2
33353,5
33354,6
33355,6
33356,3
33357,2
33358,5
33359,3
33360,0
33361,1
33362,3
33363,3
33364,0
33365,6
33366,1
33367,5
33368,5
33369,2
33370,0
33371,5
33372,1
33373,6
33374,6
33375,3
33376,5
33377,4
33378,6
33379,0
33380,5
33381,5
33382,3
33383,5
33384,6
33385,5
33386,5
33387,1
33388,5
33389,2
33390,5
33391,4
33392,5
33393,1
33394,1
33395,6
33396,3
33397,1
33398,5
33399,5
33400,0
33401,5
33402,1
33403,5
33404,6
33405,4
33406,1
33407,6
33408,0
33409,5
33410,5
33411,3
33412,5
33413,3
33414,5
33415,4
33416,6
33417,6
33418,5
33419,5
33420,5
33421,6
33422,6
33423,5
33424,0
33425,5
33426,2
33427,5
33428,0
33429,5
33430,5
33431,0
33432,1
33433,2
33434,1
33435,6
33436,0
33437,6
33438,5
33439,2
33440,1
33441,1
33442,5
33443,5
33444,5
33445,1
33446,1
33447,5
33448,5
33449,3
33450,3
33451,0
33452,5
33453,5
33454,6
33455,4
33456,0
33457,5
33458,5
33459,5
33460,5
33461,5
33462,1
33463,6
33464,6
33465,0
33466,3
33467,5
33468,3
33469,0
33470,6
33471,6
33472,3
33473,0
33474,3
33475,5
33476,5
33477,3
33478,1
33479,6
33480,5
33481,1
33482,5
33483,5
33484,5
33485,0
33486,5
33487,5
33488,6
33489,6
33490,6
33491,6
33492,2
33493,5
33494,5
33495,5
33496,2
33497,4
33498,2
33499,4
33500,3
33501,1
33502,1
33503,1
33504,5
33505,5
33506,6
33507,1
33508,1
33509,6
33510,3
33511,4
33512,5
33513,6
33514,1
33515,6
33516,5
33517,5
33518,5
33519,1
33520,5
33521,2
33522,3
33523,5
33524,5
33525,5
33526,4
33527,2
33528,5
33529,6
33530,3
33531,5
33532,1
33533,3
33534,1
33535,5
33536,6
33537,5
33538,6
33539,5
33540,5
33541,0
33542,4
33543,5
33544,3
33545,3
33546,4
33547,6
33548,4
33549,1
33550,3
33551,0
33552,6
33553,5
33554,6
33555,6
33556,6
33557,5
33558,1
33559,0
33560,5
33561,6
33562,5
33563,5
33564,6
33565,3
33566,6
33567,3
33568,3
33569,3
33570,0
33571,6
33572,0
33573,6
33574,5
33575,5
33576,1
33577,5
33578,5
33579,6
33580,1
33581,5
33582,6
33583,5
33584,6
33585,3
33586,5
33587,4
33588,2
33589,5
33590,2
33591,0
33592,6
33593,1
33594,5
33595,6
33596,0
33597,5
33598,1
33599,6
33600,5
33601,5
33602,3
33603,5
33604,2
33605,0
33606,4
33607,5
33608,2
33609,5
33610,0
33611,0
33612,3
33613,5
33614,3
33615,6
33616,6
33617,3
33618,0
33619,5
33620,0
33621,6
33622,3
33623,0
33624,2
33625,2
33626,0
33627,5
33628,5
33629,2
33630,5
33631,5
33632,0
33633,1
33634,6
33635,5
33636,2
33637,6
33638,5
33639,3
33640,1
33641,1
33642,6
33643,5
33644,0
33645,6
33646,5
33647,0
33648,6
33649,3
33650,3
33651,0
33652,6
33653,2
33654,5
33655,0
33656,5
33657,5
33658,1
33659,6
33660,6
33661,6
33662,2
33663,0
33664,6
33665,5
33666,5
33667,2
33668,3
33669,6
33670,1
33671,6
33672,2
33673,2
33674,3
33675,3
33676,4
33677,4
33678,2
33679,5
33680,0
33681,6
33682,3
33683,6
33684,5
33685,0
33686,0
33687,0
33688,0
33689,6
33690,5
33691,6
33692,0
33693,5
33694,5
33695,1
33696,0
33697,4
33698,5
33699,0
33700,5
33701,3
33702,0
33703,1
33704,6
33705,5
33706,2
33707,0
33708,5
33709,2
33710,5
33711,2
33712,2
33713,6
33714,6
33715,3
33716,0
33717,6
33718,5
33719,2
33720,0
33721,5
33722,6
33723,6
33724,5
33725,5
33726,5
33727,0
33728,5
33729,3
33730,2
33731,0
33732,3
33733,4
33734,6
33735,1
33736,3
33737,5
33738,4
33739,2
33740,1
33741,1
33742,2
33743,5
33744,2
33745,5
33746,5
33747,5
33748,4
33749,4
33750,4
33751,4
33752,1
33753,5
33754,5
33755,5
33756,5
33757,4
33758,3
33759,0
33760,1
33761,6
33762,5
33763,2
33764,4
33765,0
33766,5
33767,2
33768,6
33769,5
33770,1
33771,2
33772,1
33773,0
33774,5
33775,6
33776,6
33777,5
33778,6
33779,5
33780,6
33781,5
33782,6
33783,1
33784,1
33785,5
33786,5
33787,5
33788,5
33789,6
33790,3
33791,6
33792,5
33793,6
33794,2
33795,5
33796,6
33797,5
33798,0
33799,5
33800,3
33801,5
33802,3
33803,6
33804,3
33805,6
33806,3
33807,5
33808,5
33809,5
33810,3
33811,6
33812,3
33813,5
33814,6
33815,6
33816,5
33817,6
33818,6
33819,5
33820,2
33821,5
33822,5
33823,5
33824,6
33825,3
33826,0
33827,5
33828,6
33829,6
33830,2
33831,6
33832,5
33833,3
33834,0
33835,0
33836,1
33837,3
33838,5
33839,5
33840,3
33841,3
33842,5
33843,6
33844,5
33845,3
33846,1
33847,4
33848,3
33849,5
33850,5
33851,2
33852,5
33853,2
33854,6
33855,5
33856,3
33857,5
33858,6
33859,6
33860,6
33861,5
33862,6
33863,6
33864,3
33865,5
33866,5
33867,3
33868,5
33869,6
33870,3
33871,3
33872,0
33873,1
33874,0
33875,0
33876,3
33877,3
33878,3
33879,2
33880,3
33881,5
33882,3
33883,3
33884,2
33885,4
33886,6
33887,6
33888,6
33889,3
33890,2
33891,0
33892,5
33893,5
33894,3
33895,5
33896,5
33897,6
33898,2
33899,0
33900,5
33901,2
33902,5
33903,1
33904,0
33905,5
33906,0
33907,1
33908,4
33909,0
33910,0
33911,6
33912,1
33913,5
33914,1
33915,1
33916,0
33917,5
33918,2
33919,5
33920,5
33921,1
33922,5
33923,1
33924,5
33925,0
33926,0
33927,6
33928,0
33929,2
33930,0
33931,4
33932,5
33933,5
33934,0
33935,1
33936,1
33937,3
33938,6
33939,2
33940,5
33941,0
33942,5
33943,1
33944,1
33945,5
33946,6
33947,6
33948,5
33949,3
33950,1
33951,6
33952,6
33953,2
33954,5
33955,0
33956,2
33957,6
33958,5
33959,5
33960,4
33961,0
33962,5
33963,1
33964,5
33965,5
33966,1
33967,5
33968,4
33969,4
33970,1
33971,3
33972,2
33973,4
33974,3
33975,5
33976,6
33977,5
33978,6
33979,5
33980,6
33981,1
33982,2
33983,2
33984,6
33985,3
33986,5
33987,5
33988,5
33989,0
33990,5
33991,6
33992,6
33993,6
33994,2
33995,1
33996,5
33997,2
33998,0
33999,3
34000,4
34001,0
34002,6
34003,2
34004,4
34005,3
34006,5
34007,1
34008,1
34009,4
34010,6
34011,5
34012,6
34013,6
34014,2
34015,5
34016,6
34017,6
34018,2
34019,5
34020,5
34021,5
34022,5
34023,1
34024,6
34025,4
34026,5
34027,0
34028,5
34029,0
34030,5
34031,6
34032,0
34033,1
34034,5
34035,5
34036,3
34037,5
34038,2
34039,6
34040,6
34041,1
34042,5
34043,5
34044,2
34045,5
34046,0
34047,5
34048,1
34049,5
34050,3
34051,6
34052,3
34053,3
34054,5
34055,6
34056,3
34057,6
34058,0
34059,5
34060,3
34061,0
34062,6
34063,0
34064,0
34065,3
34066,6
34067,3
34068,6
34069,1
34070,2
34071,3
34072,5
34073,5
34074,3
34075,2
34076,3
34077,4
34078,3
34079,3
34080,3
34081,3
34082,3
34083,5
34084,3
34085,6
34086,5
34087,0
34088,6
34089,0
34090,4
34091,4
34092,5
34093,2
34094,5
34095,0
34096,5
34097,5
34098,5
34099,5
34100,5
34101,5
34102,2
34103,6
34104,4
34105,0
34106,5
34107,0
34108,2
34109,1
34110,3
34111,0
34112,0
34113,1
34114,2
34115,5
34116,1
34117,6
34118,1
34119,0
34120,3
34121,5
34122,3
34123,1
34124,2
34125,5
34126,6
34127,2
34128,5
34129,6
34130,5
34131,0
34132,5
34133,2
34134,5
34135,3
34136,3
34137,1
34138,0
34139,2
34140,0
34141,0
34142,0
34143,1
34144,1
34145,6
34146,3
34147,5
34148,1
34149,5
34150,4
34151,0
34152,6
34153,5
34154,5
34155,3
34156,5
34157,6
34158,1
34159,5
34160,5
34161,5
34162,5
34163,1
34164,3
34165,5
34166,6
34167,6
34168,6
34169,5
34170,6
34171,0
34172,6
34173,2
34174,1
34175,3
34176,6
34177,4
34178,5
34179,6
34180,6
34181,1
34182,1
34183,6
34184,3
34185,5
34186,1
34187,5
34188,0
34189,4
34190,6
34191,2
34192,5
34193,5
34194,6
34195,5
34196,0
34197,2
34198,2
34199,2
34200,3
34201,5
34202,5
34203,2
34204,2
34205,1
34206,1
34207,0
34208,1
34209,3
34210,5
34211,0
34212,6
34213,5
34214,6
34215,5
34216,5
34217,5
34218,0
34219,0
34220,0
34221,3
34222,5
34223,4
34224,5
34225,2
34226,5
34227,5
34228,6
34229,6
34230,3
34231,5
34232,5
34233,5
34234,3
34235,2
34236,5
34237,5
34238,0
34239,1
34240,3
34241,2
34242,5
34243,3
34244,1
34245,5
34246,5
34247,6
34248,6
34249,2
34250,2
34251,6
34252,2
34253,4
34254,6
34255,4
34256,1
34257,1
34258,2
34259,0
34260,4
34261,6
34262,5
34263,5
34264,5
34265,0
34266,5
34267,3
34268,5
34269,6
34270,2
34271,1
34272,5
34273,1
34274,0
34275,6
34276,2
34277,5
34278,5
34279,5
34280,2
34281,3
34282,5
34283,4
34284,0
34285,2
34286,0
34287,5
34288,6
34289,6
34290,6
34291,3
34292,5
34293,5
34294,5
34295,5
34296,1
34297,0
34298,2
34299,5
34300,5
34301,6
34302,5
34303,5
34304,1
34305,6
34306,4
34307,6
34308,0
34309,6
34310,1
34311,0
34312,5
34313,5
34314,2
34315,5
34316,0
34317,3
34318,5
34319,1
34320,1
34321,0
34322,6
34323,5
34324,2
34325,6
34326,6
34327,2
34328,0
34329,0
34330,0
34331,5
34332,0
34333,3
34334,3
34335,0
34336,1
34337,2
34338,2
34339,6
34340,5
34341,0
34342,1
34343,5
34344,6
34345,1
34346,2
34347,2
34348,5
34349,5
34350,5
34351,5
34352,6
34353,6
34354,1
34355,6
34356,6
34357,5
34358,5
34359,3
34360,1
34361,6
34362,5
34363,0
34364,1
34365,6
34366,0
34367,6
34368,1
34369,6
34370,5
34371,2
34372,5
34373,5
34374,6
34375,5
34376,6
34377,5
34378,2
34379,3
34380,0
34381,0
34382,1
34383,1
34384,0
34385,5
34386,0
34387,0
34388,5
34389,6
34390,4
34391,5
34392,6
34393,6
34394,6
34395,1
34396,6
34397,0
34398,5
34399,5
34400,5
34401,5
34402,5
34403,6
34404,0
34405,0
34406,0
34407,5
34408,0
34409,0
34410,3
34411,3
34412,3
34413,0
34414,6
34415,5
34416,1
34417,6
34418,0
34419,1
34420,5
34421,1
34422,4
34423,5
34424,5
34425,5
34426,6
34427,0
34428,5
34429,1
34430,0
34431,5
34432,1
34433,3
34434,4
34435,5
34436,5
34437,4
34438,1
34439,2
34440,5
34441,0
34442,5
34443,3
34444,1
34445,6
34446,2
34447,3
34448,2
34449,5
34450,5
34451,5
34452,5
34453,5
34454,5
34455,6
34456,0
34457,6
34458,3
34459,0
34460,3
34461,3
34462,5
34463,2
34464,2
34465,5
34466,0
34467,6
34468,2
34469,1
34470,1
34471,6
34472,1
34473,5
34474,5
34475,3
34476,0
34477,5
34478,2
34479,1
34480,5
34481,5
34482,2
34483,3
34484,5
34485,6
34486,1
34487,4
34488,0
34489,0
34490,2
34491,5
34492,2
34493,6
34494,3
34495,6
34496,0
34497,1
34498,0
34499,0
34500,3
34501,6
34502,0
34503,0
34504,5
34505,5
34506,0
34507,5
34508,5
34509,5
34510,1
34511,5
34512,5
34513,5
34514,0
34515,5
34516,1
34517,5
34518,4
34519,6
34520,5
34521,1
34522,2
34523,0
34524,1
34525,3
34526,5
34527,4
34528,0
34529,6
34530,6
34531,0
34532,5
34533,0
34534,6
34535,5
34536,4
34537,0
34538,6
34539,6
34540,0
34541,5
34542,0
34543,5
34544,5
34545,5
34546,6
34547,5
34548,0
34549,0
34550,5
34551,5
34552,4
34553,5
34554,6
34555,4
34556,5
34557,6
34558,3
34559,6
34560,3
34561,5
34562,2
34563,5
34564,0
34565,3
34566,1
34567,5
34568,0
34569,1
34570,1
34571,3
34572,2
34573,0
34574,5
34575,2
34576,2
34577,0
34578,1
34579,1
34580,2
34581,6
34582,6
34583,5
34584,3
34585,5
34586,0
34587,5
34588,0
34589,5
34590,6
34591,3
34592,3
34593,4
34594,3
34595,2
34596,0
34597,5
34598,0
34599,5
34600,0
34601,5
34602,3
34603,5
34604,5
34605,0
34606,0
34607,3
34608,6
34609,3
34610,0
34611,6
34612,0
34613,1
34614,1
34615,2
34616,2
34617,6
34618,3
34619,0
34620,5
34621,5
34622,6
34623,5
34624,1
34625,5
34626,6
34627,5
34628,3
34629,3
34630,3
34631,5
34632,0
34633,5
34634,6
34635,0
34636,5
34637,0
34638,6
34639,3
34640,0
34641,1
34642,2
34643,6
34644,5
34645,0
34646,3
34647,1
34648,0
34649,5
34650,6
34651,1
34652,5
34653,3
34654,0
34655,1
34656,6
34657,5
34658,5
34659,3
34660,3
34661,6
34662,5
34663,5
34664,5
34665,3
34666,1
34667,1
34668,4
34669,6
34670,5
34671,0
34672,5
34673,5
34674,6
34675,5
34676,6
34677,5
34678,6
34679,5
34680,0
34681,1
34682,6
34683,0
34684,3
34685,5
34686,5
34687,3
34688,5
34689,6
34690,5
34691,5
34692,0
34693,0
34694,0
34695,2
34696,5
34697,6
34698,6
34699,5
34700,6
34701,2
34702,1
34703,6
34704,3
34705,5
34706,0
34707,6
34708,5
34709,2
34710,5
34711,5
34712,3
34713,2
34714,5
34715,1
34716,5
34717,0
34718,5
34719,2
34720,5
34721,1
34722,2
34723,5
34724,5
34725,3
34726,6
34727,6
34728,5
34729,0
34730,5
34731,5
34732,5
34733,6
34734,5
34735,6
34736,2
34737,4
34738,6
34739,0
34740,1
34741,2
34742,1
34743,0
34744,3
34745,5
34746,6
34747,0
34748,5
34749,5
34750,0
34751,1
34752,2
34753,3
34754,3
34755,0
34756,5
34757,5
34758,6
34759,5
34760,5
34761,1
34762,4
34763,6
34764,2
34765,6
34766,5
34767,6
34768,5
34769,5
34770,5
34771,5
34772,3
34773,2
34774,6
34775,3
34776,5
34777,5
34778,6
34779,6
34780,5
34781,4
34782,6
34783,5
34784,6
34785,6
34786,4
34787,5
34788,1
34789,1
34790,0
34791,1
34792,1
34793,0
34794,3
34795,0
34796,5
34797,0
34798,1
34799,6
34800,0
34801,5
34802,6
34803,2
34804,5
34805,0
34806,6
34807,4
34808,6
34809,5
34810,5
34811,3
34812,1
34813,0
34814,0
34815,1
34816,5
34817,3
34818,4
34819,1
34820,4
34821,0
34822,5
34823,0
34824,4
34825,0
34826,3
34827,4
34828,5
34829,6
34830,6
34831,5
34832,0
34833,1
34834,4
34835,4
34836,0
34837,6
34838,0
34839,3
34840,0
34841,0
34842,5
34843,5
34844,2
34845,2
34846,1
34847,5
34848,5
34849,2
34850,0
34851,6
34852,2
34853,1
34854,5
34855,1
34856,1
34857,0
34858,5
34859,1
34860,4
34861,6
34862,4
34863,5
34864,3
34865,5
34866,5
34867,5
34868,0
34869,2
34870,4
34871,2
34872,6
34873,0
34874,6
34875,6
34876,5
34877,5
34878,0
34879,6
34880,5
34881,5
34882,5
34883,3
34884,5
34885,1
34886,5
34887,2
34888,3
34889,4
34890,6
34891,0
34892,3
34893,0
34894,0
34895,3
34896,6
34897,1
34898,5
34899,2
34900,5
34901,1
34902,6
34903,4
34904,1
34905,1
34906,5
34907,5
34908,2
34909,3
34910,3
34911,5
34912,1
34913,1
34914,6
34915,0
34916,5
34917,3
34918,0
34919,0
34920,0
34921,5
34922,5
34923,3
34924,1
34925,1
34926,4
34927,2
34928,5
34929,5
34930,5
34931,5
34932,6
34933,5
34934,5
34935,0
34936,5
34937,2
34938,4
34939,2
34940,0
34941,0
34942,6
34943,6
34944,2
34945,2
34946,3
34947,5
34948,0
34949,0
34950,1
34951,6
34952,3
34953,0
34954,5
34955,0
34956,4
34957,5
34958,2
34959,5
34960,2
34961,5
34962,1
34963,5
34964,2
34965,4
34966,1
34967,1
34968,2
34969,5
34970,0
34971,1
34972,1
34973,2
34974,2
34975,2
34976,6
34977,0
34978,0
34979,6
34980,6
34981,0
34982,5
34983,2
34984,6
34985,3
34986,6
34987,5
34988,6
34989,1
34990,1
34991,1
34992,0
34993,1
34994,5
34995,0
34996,6
34997,3
34998,0
34999,1
35000,1
35001,3
35002,0
35003,0
35004,6
35005,5
35006,1
35007,0
35008,6
35009,2
35010,5
35011,1
35012,0
35013,5
35014,5
35015,5
35016,5
35017,6
35018,5
35019,5
35020,0
35021,5
35022,5
35023,0
35024,5
35025,3
35026,2
35027,2
35028,2
35029,6
35030,5
35031,4
35032,0
35033,4
35034,1
35035,0
35036,6
35037,2
35038,0
35039,0
35040,1
35041,5
35042,0
35043,5
35044,0
35045,5
35046,3
35047,4
35048,5
35049,6
35050,5
35051,2
35052,5
35053,6
35054,0
35055,3
35056,1
35057,5
35058,0
35059,1
35060,4
35061,3
35062,2
35063,1
35064,1
35065,4
35066,6
35067,0
35068,5
35069,3
35070,4
35071,5
35072,5
35073,6
35074,2
35075,0
35076,6
35077,6
35078,5
35079,5
35080,5
35081,3
35082,6
35083,2
35084,6
35085,5
35086,6
35087,1
35088,0
35089,1
35090,5
35091,2
35092,1
35093,2
35094,0
35095,4
35096,1
35097,5
35098,5
35099,6
35100,6
35101,4
35102,5
35103,0
35104,6
35105,5
35106,5
35107,6
35108,6
35109,5
35110,2
35111,5
35112,6
35113,6
35114,3
35115,1
35116,3
35117,1
35118,1
35119,5
35120,5
35121,5
35122,0
35123,5
35124,3
35125,6
35126,5
35127,0
35128,4
35129,5
35130,3
35131,5
35132,5
35133,3
35134,0
35135,5
35136,6
35137,6
35138,2
35139,5
35140,3
35141,6
35142,0
35143,1
35144,6
35145,5
35146,5
35147,4
35148,2
35149,2
35150,1
35151,5
35152,0
35153,3
35154,0
35155,5
35156,6
35157,5
35158,3
35159,3
35160,6
35161,5
35162,1
35163,4
35164,4
35165,5
35166,5
35167,6
35168,0
35169,3
35170,3
35171,5
35172,6
35173,6
35174,4
35175,3
35176,1
35177,5
35178,6
35179,0
35180,5
35181,3
35182,2
35183,2
35184,5
35185,6
35186,0
35187,3
35188,5
35189,1
35190,5
35191,2
35192,5
35193,2
35194,2
35195,2
35196,5
35197,6
35198,2
35199,6
35200,0
35201,5
35202,5
35203,1
35204,5
35205,6
35206,6
35207,2
35208,2
35209,0
35210,1
35211,0
35212,2
35213,2
35214,1
35215,6
35216,2
35217,2
35218,5
35219,5
35220,3
35221,5
35222,5
35223,4
35224,5
35225,2
35226,4
35227,1
35228,5
35229,5
35230,3
35231,3
35232,5
35233,5
35234,6
35235,0
35236,4
35237,6
35238,3
35239,6
35240,3
35241,6
35242,5
35243,6
35244,6
35245,5
35246,2
35247,0
35248,2
35249,5
35250,3
35251,5
35252,3
35253,2
35254,3
35255,0
35256,3
35257,3
35258,3
35259,5
35260,1
35261,3
35262,0
35263,2
35264,4
35265,1
35266,5
35267,4
35268,6
35269,2
35270,5
35271,5
35272,3
35273,1
35274,0
35275,5
35276,5
35277,0
35278,6
35279,5
35280,2
35281,6
35282,6
35283,0
35284,2
35285,6
35286,6
35287,5
35288,6
35289,3
35290,4
35291,5
35292,5
35293,1
35294,3
35295,3
35296,5
35297,5
35298,2
35299,5
35300,6
35301,6
35302,5
35303,5
35304,0
35305,5
35306,3
35307,0
35308,6
35309,4
35310,5
35311,5
35312,1
35313,6
35314,6
35315,4
35316,6
35317,2
35318,3
35319,2
35320,1
35321,5
35322,5
35323,0
35324,4
35325,2
35326,5
35327,6
35328,5
35329,6
35330,5
35331,0
35332,3
35333,3
35334,0
35335,6
35336,0
35337,3
35338,4
35339,6
35340,3
35341,3
35342,2
35343,2
35344,6
35345,3
35346,5
35347,6
35348,5
35349,3
35350,5
35351,5
35352,3
35353,3
35354,6
35355,5
35356,1
35357,5
35358,6
35359,6
35360,5
35361,3
35362,6
35363,3
35364,3
35365,6
35366,5
35367,5
35368,2
35369,5
35370,1
35371,0
35372,3
35373,5
35374,6
35375,2
35376,5
35377,3
35378,5
35379,4
35380,5
35381,6
35382,5
35383,2
35384,3
35385,0
35386,5
35387,0
35388,5
35389,5
35390,6
35391,3
35392,4
35393,1
35394,5
35395,5
35396,5
35397,1
35398,2
35399,6
35400,5
35401,6
35402,4
35403,2
35404,5
35405,5
35406,2
35407,6
35408,6
35409,0
35410,6
35411,5
35412,5
35413,2
35414,5
35415,0
35416,5
35417,5
35418,4
35419,6
35420,2
35421,5
35422,1
35423,0
35424,5
35425,5
35426,4
35427,0
35428,5
35429,5
35430,5
35431,5
35432,5
35433,1
35434,5
35435,0
35436,6
35437,6
35438,0
35439,5
35440,0
35441,5
35442,4
35443,0
35444,5
35445,5
35446,2
35447,2
35448,0
35449,6
35450,6
35451,5
35452,5
35453,0
35454,5
35455,3
35456,3
35457,1
35458,5
35459,3
35460,1
35461,1
35462,5
35463,5
35464,5
35465,1
35466,2
35467,0
35468,5
35469,1
35470,1
35471,3
35472,6
35473,5
35474,0
35475,0
35476,0
35477,3
35478,6
35479,0
35480,5
35481,0
35482,3
35483,0
35484,2
35485,0
35486,0
35487,3
35488,4
35489,5
35490,6
35491,3
35492,6
35493,0
35494,5
35495,1
35496,3
35497,5
35498,6
35499,2
35500,6
35501,5
35502,6
35503,6
35504,6
35505,1
35506,5
35507,5
35508,3
35509,3
35510,2
35511,3
35512,5
35513,3
35514,0
35515,3
35516,1
35517,1
35518,0
35519,0
35520,6
35521,5
35522,5
35523,2
35524,3
35525,5
35526,5
35527,3
35528,0
35529,5
35530,6
35531,5
35532,1
35533,3
35534,5
35535,6
35536,0
35537,1
35538,5
35539,5
35540,5
35541,2
35542,2
35543,3
35544,5
35545,5
35546,5
35547,0
35548,5
35549,5
35550,1
35551,5
35552,6
35553,6
35554,6
35555,6
35556,4
35557,6
35558,2
35559,0
35560,5
35561,6
35562,2
35563,2
35564,5
35565,5
35566,6
35567,5
35568,2
35569,5
35570,5
35571,1
35572,6
35573,5
35574,5
35575,5
35576,3
35577,6
35578,6
35579,5
35580,3
35581,2
35582,2
35583,1
35584,4
35585,3
35586,1
35587,5
35588,0
35589,2
35590,1
35591,3
35592,0
35593,4
35594,0
35595,5
35596,0
35597,5
35598,2
35599,5
35600,5
35601,3
35602,6
35603,5
35604,5
35605,6
35606,5
35607,6
35608,6
35609,5
35610,3
35611,6
35612,0
35613,5
35614,0
35615,5
35616,3
35617,6
35618,5
35619,3
35620,0
35621,3
35622,1
35623,0
35624,6
35625,5
35626,5
35627,0
35628,4
35629,2
35630,2
35631,3
35632,5
35633,6
35634,4
35635,6
35636,6
35637,4
35638,0
35639,3
35640,5
35641,6
35642,6
35643,6
35644,2
35645,6
35646,0
35647,6
35648,0
35649,6
35650,1
35651,5
35652,5
35653,3
35654,1
35655,5
35656,5
35657,0
35658,5
35659,5
35660,5
35661,5
35662,6
35663,5
35664,0
35665,2
35666,5
35667,6
35668,5
35669,3
35670,1
35671,0
35672,5
35673,0
35674,5
35675,1
35676,0
35677,5
35678,5
35679,0
35680,6
35681,0
35682,5
35683,5
35684,6
35685,6
35686,5
35687,5
35688,4
35689,5
35690,5
35691,0
35692,2
35693,5
35694,5
35695,6
35696,0
35697,1
35698,1
35699,0
35700,0
35701,6
35702,5
35703,3
35704,6
35705,6
35706,6
35707,5
35708,5
35709,3
35710,0
35711,1
35712,5
35713,4
35714,6
35715,3
35716,2
35717,0
35718,5
35719,0
35720,5
35721,4
35722,6
35723,3
35724,5
35725,3
35726,6
35727,5
35728,6
35729,1
35730,3
35731,5
35732,6
35733,5
35734,0
35735,3
35736,3
35737,2
35738,3
35739,1
35740,1
35741,5
35742,0
35743,1
35744,5
35745,5
35746,5
35747,5
35748,5
35749,1
35750,5
35751,1
35752,0
35753,1
35754,6
35755,1
35756,1
35757,5
35758,2
35759,6
35760,0
35761,3
35762,0
35763,0
35764,0
35765,4
35766,6
35767,6
35768,1
35769,5
35770,5
35771,5
35772,6
35773,4
35774,0
35775,0
35776,5
35777,4
35778,4
35779,6
35780,3
35781,0
35782,5
35783,5
35784,3
35785,5
35786,6
35787,5
35788,1
35789,6
35790,5
35791,5
35792,5
35793,5
35794,1
35795,5
35796,5
35797,2
35798,3
35799,5
35800,5
35801,5
35802,6
35803,4
35804,5
35805,6
35806,0
35807,0
35808,0
35809,1
35810,5
35811,1
35812,2
35813,1
35814,5
35815,6
35816,5
35817,5
35818,6
35819,5
35820,4
35821,0
35822,1
35823,3
35824,5
35825,2
35826,3
35827,0
35828,0
35829,6
35830,4
35831,2
35832,2
35833,3
35834,5
35835,5
35836,5
35837,4
35838,5
35839,6
35840,4
35841,4
35842,0
35843,2
35844,5
35845,5
35846,6
35847,6
35848,2
35849,3
35850,3
35851,2
35852,6
35853,0
35854,3
35855,5
35856,5
35857,0
35858,5
35859,5
35860,5
35861,3
35862,1
35863,5
35864,5
35865,3
35866,5
35867,6
35868,4
35869,6
35870,1
35871,5
35872,2
35873,6
35874,2
35875,5
35876,6
35877,0
35878,5
35879,6
35880,3
35881,4
35882,5
35883,6
35884,1
35885,5
35886,1
35887,5
35888,0
35889,5
35890,0
35891,1
35892,5
35893,3
35894,5
35895,3
35896,6
35897,1
35898,2
35899,5
35900,1
35901,0
35902,5
35903,5
35904,1
35905,3
35906,6
35907,5
35908,4
35909,6
35910,5
35911,6
35912,3
35913,0
35914,6
35915,5
35916,2
35917,5
35918,5
35919,1
35920,3
35921,1
35922,5
35923,0
35924,3
35925,1
35926,4
35927,1
35928,6
35929,6
35930,5
35931,5
35932,1
35933,5
35934,1
35935,4
35936,6
35937,6
35938,6
35939,1
35940,6
35941,5
35942,5
35943,5
35944,2
35945,6
35946,5
35947,0
35948,3
35949,2
35950,5
35951,5
35952,6
35953,5
35954,3
35955,2
35956,2
35957,3
35958,1
35959,4
35960,5
35961,3
35962,5
35963,4
35964,5
35965,6
35966,6
35967,5
35968,1
35969,3
35970,2
35971,6
35972,0
35973,2
35974,3
35975,2
35976,6
35977,2
35978,1
35979,5
35980,5
35981,6
35982,2
35983,5
35984,0
35985,3
35986,0
35987,5
35988,0
35989,5
35990,2
35991,4
35992,6
35993,5
35994,6
35995,5
35996,2
35997,6
35998,5
35999,5
36000,3
36001,6
36002,5
36003,2
36004,5
36005,2
36006,4
36007,5
36008,4
36009,5
36010,6
36011,4
36012,6
36013,0
36014,5
36015,4
36016,1
36017,5
36018,0
36019,2
36020,6
36021,5
36022,0
36023,3
36024,4
36025,1
36026,3
36027,3
36028,6
36029,5
36030,3
36031,4
36032,6
36033,6
36034,5
36035,3
36036,0
36037,5
36038,5
36039,5
36040,3
36041,5
36042,5
36043,0
36044,5
36045,3
36046,1
36047,5
36048,5
36049,3
36050,3
36051,5
36052,5
36053,5
36054,5
36055,5
36056,5
36057,6
36058,0
36059,1
36060,0
36061,5
36062,4
36063,2
36064,5
36065,5
36066,6
36067,1
36068,1
36069,4
36070,3
36071,5
36072,0
36073,0
36074,1
36075,5
36076,6
36077,0
36078,6
36079,5
36080,1
36081,4
36082,5
36083,6
36084,5
36085,0
36086,6
36087,1
36088,5
36089,3
36090,1
36091,5
36092,3
36093,6
36094,1
36095,3
36096,6
36097,0
36098,6
36099,5
36100,5
36101,5
36102,0
36103,1
36104,5
36105,2
36106,2
36107,6
36108,6
36109,3
36110,3
36111,1
36112,6
36113,5
36114,6
36115,6
36116,5
36117,5
36118,4
36119,1
36120,4
36121,3
36122,3
36123,3
36124,5
36125,3
36126,2
36127,5
36128,0
36129,4
36130,2
36131,5
36132,5
36133,3
36134,2
36135,5
36136,6
36137,1
36138,5
36139,5
36140,3
36141,2
36142,6
36143,5
36144,2
36145,0
36146,5
36147,5
36148,0
36149,4
36150,6
36151,0
36152,5
36153,5
36154,5
36155,3
36156,0
36157,5
36158,5
36159,5
36160,5
36161,0
36162,0
36163,1
36164,0
36165,0
36166,5
36167,6
36168,4
36169,1
36170,1
36171,3
36172,5
36173,2
36174,5
36175,5
36176,1
36177,2
36178,2
36179,1
36180,5
36181,1
36182,5
36183,5
36184,6
36185,5
36186,5
36187,0
36188,5
36189,5
36190,0
36191,6
36192,6
36193,2
36194,0
36195,3
36196,3
36197,5
36198,4
36199,0
36200,2
36201,1
36202,5
36203,5
36204,5
36205,6
36206,1
36207,5
36208,0
36209,5
36210,5
36211,5
36212,6
36213,6
36214,5
36215,5
36216,5
36217,4
36218,6
36219,0
36220,0
36221,6
36222,5
36223,1
36224,5
36225,3
36226,2
36227,6
36228,5
36229,2
36230,3
36231,1
36232,3
36233,5
36234,0
36235,4
36236,5
36237,6
36238,3
36239,4
36240,0
36241,2
36242,5
36243,6
36244,5
36245,6
36246,0
36247,2
36248,4
36249,0
36250,5
36251,6
36252,6
36253,6
36254,4
36255,5
36256,5
36257,5
36258,1
36259,5
36260,0
36261,5
36262,5
36263,0
36264,0
36265,6
36266,6
36267,1
36268,3
36269,5
36270,1
36271,1
36272,6
36273,4
36274,3
36275,5
36276,6
36277,4
36278,5
36279,2
36280,4
36281,6
36282,0
36283,1
36284,5
36285,4
36286,0
36287,5
36288,5
36289,3
36290,6
36291,1
36292,0
36293,1
36294,5
36295,0
36296,6
36297,0
36298,5
36299,2
36300,1
36301,5
36302,5
36303,5
36304,5
36305,0
36306,1
36307,6
36308,5
36309,6
36310,6
36311,0
36312,3
36313,6
36314,6
36315,3
36316,5
36317,6
36318,5
36319,5
36320,6
36321,5
36322,2
36323,6
36324,1
36325,1
36326,5
36327,1
36328,5
36329,0
36330,5
36331,1
36332,5
36333,6
36334,5
36335,0
36336,4
36337,6
36338,5
36339,6
36340,3
36341,6
36342,6
36343,5
36344,2
36345,3
36346,4
36347,5
36348,6
36349,0
36350,6
36351,6
36352,0
36353,1
36354,6
36355,5
36356,3
36357,0
36358,2
36359,0
36360,2
36361,6
36362,5
36363,2
36364,5
36365,5
36366,2
36367,5
36368,4
36369,0
36370,2
36371,5
36372,2
36373,0
36374,1
36375,6
36376,0
36377,5
36378,3
36379,6
36380,3
36381,5
36382,5
36383,5
36384,5
36385,6
36386,3
36387,5
36388,4
36389,1
36390,2
36391,1
36392,0
36393,2
36394,5
36395,6
36396,5
36397,2
36398,6
36399,2
36400,6
36401,6
36402,4
36403,5
36404,6
36405,5
36406,5
36407,3
36408,0
36409,1
36410,5
36411,1
36412,0
36413,0
36414,0
36415,5
36416,0
36417,0
36418,1
36419,0
36420,5
36421,5
36422,5
36423,6
36424,0
36425,0
36426,5
36427,5
36428,6
36429,0
36430,1
36431,4
36432,0
36433,0
36434,5
36435,6
36436,0
36437,1
36438,0
36439,0
36440,0
36441,3
36442,5
36443,5
36444,2
36445,5
36446,5
36447,0
36448,3
36449,6
36450,5
36451,3
36452,1
36453,6
36454,5
36455,3
36456,6
36457,0
36458,6
36459,5
36460,4
36461,5
36462,3
36463,5
36464,5
36465,1
36466,5
36467,0
36468,5
36469,0
36470,6
36471,6
36472,3
36473,0
36474,5
36475,5
36476,6
36477,0
36478,5
36479,1
36480,2
36481,5
36482,5
36483,1
36484,5
36485,5
36486,5
36487,2
36488,1
36489,3
36490,6
36491,5
36492,2
36493,6
36494,3
36495,5
36496,2
36497,0
36498,5
36499,2
36500,6
36501,4
36502,1
36503,5
36504,1
36505,1
36506,0
36507,3
36508,1
36509,6
36510,5
36511,6
36512,1
36513,6
36514,6
36515,3
36516,5
36517,5
36518,0
36519,6
36520,6
36521,0
36522,6
36523,1
36524,1
36525,1
36526,5
36527,6
36528,5
36529,1
36530,4
36531,5
36532,2
36533,5
36534,2
36535,1
36536,3
36537,5
36538,1
36539,5
36540,3
36541,2
36542,2
36543,5
36544,2
36545,1
36546,5
36547,5
36548,0
36549,4
36550,3
36551,4
36552,6
36553,6
36554,1
36555,3
36556,3
36557,6
36558,5
36559,2
36560,4
36561,2
36562,2
36563,4
36564,6
36565,6
36566,3
36567,4
36568,0
36569,4
36570,2
36571,5
36572,0
36573,3
36574,0
36575,0
36576,6
36577,5
36578,0
36579,0
36580,0
36581,5
36582,6
36583,3
36584,6
36585,5
36586,0
36587,3
36588,1
36589,5
36590,3
36591,6
36592,6
36593,0
36594,3
36595,2
36596,0
36597,2
36598,2
36599,1
36600,3
36601,0
36602,1
36603,0
36604,5
36605,1
36606,2
36607,3
36608,3
36609,1
36610,3
36611,5
36612,6
36613,6
36614,2
36615,0
36616,4
36617,1
36618,5
36619,5
36620,5
36621,5
36622,2
36623,6
36624,1
36625,3
36626,6
36627,5
36628,6
36629,6
36630,3
36631,2
36632,6
36633,5
36634,4
36635,0
36636,0
36637,0
36638,5
36639,6
36640,3
36641,2
36642,5
36643,5
36644,2
36645,6
36646,0
36647,0
36648,3
36649,1
36650,1
36651,5
36652,5
36653,1
36654,5
36655,5
36656,1
36657,3
36658,3
36659,0
36660,5
36661,6
36662,5
36663,6
36664,5
36665,6
36666,6
36667,3
36668,6
36669,2
36670,1
36671,0
36672,0
36673,6
36674,6
36675,3
36676,2
36677,0
36678,3
36679,1
36680,1
36681,2
36682,5
36683,3
36684,5
36685,2
36686,4
36687,6
36688,4
36689,6
36690,2
36691,6
36692,5
36693,6
36694,6
36695,2
36696,4
36697,5
36698,5
36699,5
36700,1
36701,1
36702,5
36703,0
36704,0
36705,3
36706,6
36707,0
36708,6
36709,3
36710,3
36711,4
36712,6
36713,3
36714,5
36715,0
36716,5
36717,5
36718,3
36719,5
36720,6
36721,5
36722,6
36723,0
36724,2
36725,6
36726,6
36727,2
36728,5
36729,5
36730,4
36731,0
36732,6
36733,5
36734,5
36735,5
36736,0
36737,2
36738,5
36739,1
36740,1
36741,5
36742,4
36743,6
36744,5
36745,6
36746,2
36747,5
36748,0
36749,4
36750,0
36751,3
36752,0
36753,5
36754,6
36755,4
36756,2
36757,5
36758,5
36759,2
36760,6
36761,5
36762,1
36763,3
36764,5
36765,6
36766,3
36767,4
36768,0
36769,1
36770,6
36771,4
36772,5
36773,5
36774,0
36775,2
36776,5
36777,2
36778,5
36779,1
36780,1
36781,6
36782,2
36783,5
36784,5
36785,5
36786,3
36787,5
36788,3
36789,3
36790,1
36791,0
36792,5
36793,0
36794,5
36795,5
36796,1
36797,0
36798,6
36799,0
36800,5
36801,0
36802,5
36803,1
36804,6
36805,2
36806,6
36807,1
36808,0
36809,5
36810,0
36811,0
36812,6
36813,2
36814,2
36815,6
36816,5
36817,1
36818,0
36819,3
36820,5
36821,1
36822,5
36823,5
36824,5
36825,6
36826,0
36827,0
36828,5
36829,0
36830,1
36831,5
36832,6
36833,0
36834,6
36835,2
36836,6
36837,5
36838,2
36839,6
36840,4
36841,3
36842,6
36843,5
36844,6
36845,5
36846,5
36847,5
36848,0
36849,2
36850,5
36851,0
36852,5
36853,6
36854,1
36855,4
36856,2
36857,6
36858,0
36859,0
36860,5
36861,4
36862,3
36863,0
36864,1
36865,5
36866,3
36867,3
36868,0
36869,6
36870,6
36871,6
36872,6
36873,3
36874,6
36875,1
36876,5
36877,5
36878,0
36879,1
36880,5
36881,5
36882,2
36883,6
36884,0
36885,6
36886,6
36887,1
36888,3
36889,5
36890,0
36891,5
36892,5
36893,0
36894,0
36895,6
36896,5
36897,5
36898,4
36899,6
36900,0
36901,5
36902,0
36903,5
36904,6
36905,5
36906,5
36907,3
36908,6
36909,3
36910,1
36911,5
36912,5
36913,0
36914,1
36915,1
36916,5
36917,5
36918,6
36919,6
36920,0
36921,5
36922,5
36923,5
36924,6
36925,5
36926,5
36927,6
36928,5
36929,0
36930,5
36931,4
36932,5
36933,5
36934,2
36935,6
36936,5
36937,6
36938,0
36939,5
36940,1
36941,4
36942,6
36943,5
36944,5
36945,2
36946,5
36947,5
36948,0
36949,4
36950,6
36951,0
36952,0
36953,6
36954,3
36955,6
36956,6
36957,3
36958,0
36959,1
36960,4
36961,2
36962,6
36963,5
36964,5
36965,5
36966,1
36967,5
36968,1
36969,5
36970,0
36971,4
36972,5
36973,0
36974,2
36975,5
36976,5
36977,3
36978,1
36979,1
36980,3
36981,0
36982,2
36983,3
36984,0
36985,3
36986,0
36987,5
36988,3
36989,5
36990,6
36991,6
36992,5
36993,5
36994,1
36995,0
36996,6
36997,0
36998,2
36999,5
37000,4
37001,6
37002,4
37003,1
37004,1
37005,5
37006,5
37007,5
37008,3
37009,0
37010,0
37011,3
37012,5
37013,5
37014,6
37015,5
37016,3
37017,3
37018,2
37019,0
37020,5
37021,6
37022,1
37023,0
37024,2
37025,5
37026,3
37027,0
37028,5
37029,5
37030,1
37031,5
37032,4
37033,3
37034,0
37035,6
37036,6
37037,5
37038,6
37039,1
37040,5
37041,5
37042,1
37043,5
37044,5
37045,0
37046,1
37047,0
37048,5
37049,5
37050,5
37051,6
37052,3
37053,1
37054,1
37055,5
37056,1
37057,5
37058,0
37059,5
37060,5
37061,3
37062,3
37063,0
37064,3
37065,5
37066,2
37067,2
37068,6
37069,0
37070,2
37071,6
37072,2
37073,1
37074,6
37075,0
37076,1
37077,0
37078,0
37079,1
37080,6
37081,6
37082,5
37083,6
37084,0
37085,6
37086,6
37087,6
37088,6
37089,3
37090,0
37091,6
37092,6
37093,0
37094,0
37095,6
37096,4
37097,5
37098,2
37099,6
37100,3
37101,4
37102,5
37103,2
37104,5
37105,5
37106,6
37107,5
37108,0
37109,4
37110,6
37111,0
37112,5
37113,0
37114,6
37115,5
37116,3
37117,5
37118,6
37119,5
37120,6
37121,5
37122,5
37123,3
37124,5
37125,5
37126,4
37127,3
37128,5
37129,3
37130,2
37131,1
37132,5
37133,0
37134,0
37135,1
37136,5
37137,5
37138,0
37139,1
37140,3
37141,1
37142,3
37143,2
37144,5
37145,5
37146,5
37147,5
37148,6
37149,6
37150,2
37151,0
37152,2
37153,3
37154,0
37155,5
37156,0
37157,6
37158,6
37159,0
37160,6
37161,6
37162,5
37163,5
37164,5
37165,4
37166,3
37167,5
37168,5
37169,5
37170,5
37171,5
37172,2
37173,3
37174,5
37175,5
37176,5
37177,6
37178,6
37179,3
37180,5
37181,0
37182,5
37183,6
37184,3
37185,2
37186,4
37187,2
37188,6
37189,1
37190,6
37191,6
37192,6
37193,1
37194,5
37195,2
37196,0
37197,4
37198,0
37199,4
37200,5
37201,5
37202,1
37203,6
37204,6
37205,5
37206,0
37207,0
37208,1
37209,1
37210,5
37211,6
37212,5
37213,5
37214,5
37215,2
37216,5
37217,6
37218,6
37219,5
37220,6
37221,5
37222,0
37223,6
37224,2
37225,5
37226,5
37227,5
37228,0
37229,5
37230,5
37231,5
37232,5
37233,3
37234,6
37235,6
37236,5
37237,2
37238,2
37239,3
37240,5
37241,1
37242,6
37243,2
37244,5
37245,1
37246,3
37247,1
37248,1
37249,5
37250,4
37251,0
37252,6
37253,5
37254,5
37255,0
37256,5
37257,3
37258,0
37259,4
37260,1
37261,6
37262,5
37263,0
37264,5
37265,2
37266,2
37267,5
37268,1
37269,6
37270,0
37271,6
37272,5
37273,3
37274,6
37275,4
37276,6
37277,3
37278,6
37279,1
37280,3
37281,4
37282,1
37283,4
37284,1
37285,1
37286,1
37287,3
37288,0
37289,6
37290,0
37291,1
37292,5
37293,2
37294,2
37295,5
37296,6
37297,0
37298,5
37299,1
37300,6
37301,3
37302,2
37303,1
37304,3
37305,5
37306,4
37307,5
37308,6
37309,1
37310,2
37311,0
37312,6
37313,5
37314,2
37315,2
37316,0
37317,5
37318,5
37319,5
37320,5
37321,5
37322,0
37323,6
37324,5
37325,3
37326,5
37327,1
37328,5
37329,6
37330,0
37331,3
37332,0
37333,5
37334,0
37335,5
37336,4
37337,1
37338,2
37339,0
37340,5
37341,5
37342,3
37343,1
37344,0
37345,5
37346,1
37347,5
37348,2
37349,6
37350,3
37351,0
37352,3
37353,3
37354,2
37355,1
37356,0
37357,3
37358,5
37359,3
37360,5
37361,0
37362,2
37363,3
37364,1
37365,2
37366,6
37367,6
37368,3
37369,2
37370,4
37371,5
37372,6
37373,0
37374,1
37375,6
37376,1
37377,6
37378,3
37379,1
37380,4
37381,1
37382,5
37383,5
37384,5
37385,1
37386,4
37387,2
37388,4
37389,3
37390,5
37391,1
37392,6
37393,6
37394,3
37395,0
37396,2
37397,2
37398,6
37399,2
37400,6
37401,3
37402,0
37403,6
37404,0
37405,6
37406,6
37407,5
37408,6
37409,3
37410,6
37411,5
37412,5
37413,5
37414,6
37415,3
37416,0
37417,6
37418,5
37419,6
37420,3
37421,2
37422,5
37423,5
37424,6
37425,0
37426,2
37427,2
37428,0
37429,1
37430,5
37431,4
37432,6
37433,5
37434,5
37435,0
37436,1
37437,5
37438,6
37439,5
37440,3
37441,0
37442,5
37443,5
37444,2
37445,0
37446,2
37447,3
37448,5
37449,5
37450,0
37451,0
37452,6
37453,0
37454,2
37455,5
37456,3
37457,6
37458,1
37459,0
37460,5
37461,6
37462,5
37463,2
37464,5
37465,0
37466,2
37467,0
37468,0
37469,6
37470,5
37471,2
37472,0
37473,3
37474,0
37475,5
37476,5
37477,1
37478,3
37479,6
37480,5
37481,3
37482,0
37483,0
37484,5
37485,1
37486,5
37487,6
37488,6
37489,2
37490,5
37491,6
37492,2
37493,3
37494,3
37495,0
37496,6
37497,0
37498,0
37499,2
37500,1
37501,3
37502,3
37503,0
37504,5
37505,5
37506,3
37507,5
37508,6
37509,0
37510,0
37511,5
37512,1
37513,3
37514,5
37515,3
37516,1
37517,2
37518,5
37519,5
37520,3
37521,5
37522,5
37523,3
37524,5
37525,1
37526,1
37527,0
37528,5
37529,5
37530,0
37531,6
37532,0
37533,2
37534,3
37535,5
37536,0
37537,4
37538,1
37539,5
37540,1
37541,1
37542,5
37543,5
37544,2
37545,0
37546,6
37547,3
37548,0
37549,3
37550,6
37551,2
37552,3
37553,5
37554,3
37555,3
37556,1
37557,1
37558,4
37559,3
37560,2
37561,1
37562,2
37563,4
37564,1
37565,1
37566,5
37567,6
37568,6
37569,0
37570,0
37571,4
37572,1
37573,3
37574,3
37575,5
37576,2
37577,3
37578,0
37579,5
37580,4
37581,5
37582,0
37583,5
37584,2
37585,5
37586,5
37587,5
37588,0
37589,2
37590,3
37591,0
37592,0
37593,5
37594,5
37595,0
37596,0
37597,3
37598,5
37599,0
37600,3
37601,3
37602,0
37603,5
37604,1
37605,0
37606,4
37607,6
37608,5
37609,5
37610,3
37611,4
37612,0
37613,5
37614,4
37615,2
37616,2
37617,6
37618,4
37619,0
37620,2
37621,6
37622,5
37623,0
37624,0
37625,5
37626,0
37627,5
37628,0
37629,0
37630,3
37631,1
37632,1
37633,5
37634,6
37635,6
37636,3
37637,5
37638,0
37639,5
37640,6
37641,0
37642,6
37643,2
37644,5
37645,5
37646,6
37647,6
37648,1
37649,5
37650,2
37651,0
37652,6
37653,5
37654,5
37655,3
37656,2
37657,5
37658,4
37659,1
37660,1
37661,6
37662,4
37663,0
37664,0
37665,0
37666,0
37667,6
37668,2
37669,5
37670,6
37671,3
37672,1
37673,6
37674,0
37675,5
37676,5
37677,5
37678,0
37679,6
37680,5
37681,0
37682,3
37683,5
37684,2
37685,1
37686,5
37687,1
37688,0
37689,6
37690,2
37691,0
37692,0
37693,6
37694,3
37695,6
37696,1
37697,2
37698,2
37699,6
37700,6
37701,0
37702,0
37703,5
37704,5
37705,6
37706,2
37707,5
37708,3
37709,0
37710,5
37711,3
37712,2
37713,3
37714,1
37715,2
37716,0
37717,0
37718,5
37719,5
37720,3
37721,5
37722,3
37723,2
37724,6
37725,3
37726,6
37727,6
37728,5
37729,3
37730,5
37731,1
37732,6
37733,3
37734,4
37735,5
37736,0
37737,5
37738,6
37739,5
37740,5
37741,5
37742,6
37743,6
37744,4
37745,2
37746,5
37747,3
37748,0
37749,6
37750,0
37751,5
37752,3
37753,3
37754,5
37755,5
37756,5
37757,5
37758,1
37759,6
37760,1
37761,1
37762,6
37763,3
37764,1
37765,1
37766,4
37767,5
37768,6
37769,5
37770,5
37771,5
37772,5
37773,6
37774,5
37775,1
37776,5
37777,1
37778,3
37779,3
37780,5
37781,3
37782,6
37783,4
37784,6
37785,5
37786,1
37787,2
37788,1
37789,5
37790,1
37791,5
37792,3
37793,0
37794,5
37795,1
37796,2
37797,3
37798,3
37799,1
37800,5
37801,2
37802,1
37803,5
37804,3
37805,5
37806,5
37807,5
37808,3
37809,5
37810,6
37811,5
37812,0
37813,0
37814,3
37815,1
37816,5
37817,5
37818,5
37819,0
37820,0
37821,2
37822,3
37823,2
37824,5
37825,1
37826,5
37827,5
37828,1
37829,3
37830,5
37831,5
37832,0
37833,3
37834,6
37835,6
37836,6
37837,6
37838,5
37839,2
37840,5
37841,0
37842,5
37843,5
37844,5
37845,4
37846,2
37847,5
37848,0
37849,0
37850,3
37851,0
37852,5
37853,5
37854,6
37855,6
37856,6
37857,5
37858,1
37859,2
37860,0
37861,5
37862,3
37863,5
37864,0
37865,0
37866,5
37867,2
37868,6
37869,0
37870,5
37871,0
37872,6
37873,6
37874,2
37875,3
37876,5
37877,4
37878,5
37879,5
37880,1
37881,5
37882,3
37883,0
37884,2
37885,6
37886,5
37887,1
37888,1
37889,2
37890,0
37891,1
37892,2
37893,5
37894,1
37895,1
37896,6
37897,6
37898,0
37899,0
37900,5
37901,5
37902,0
37903,6
37904,5
37905,5
37906,1
37907,2
37908,0
37909,3
37910,6
37911,1
37912,3
37913,6
37914,5
37915,6
37916,6
37917,5
37918,1
37919,5
37920,5
37921,5
37922,5
37923,5
37924,5
37925,2
37926,6
37927,0
37928,4
37929,5
37930,3
37931,5
37932,6
37933,0
37934,3
37935,6
37936,3
37937,6
37938,1
37939,1
37940,6
37941,5
37942,2
37943,2
37944,5
37945,6
37946,6
37947,1
37948,2
37949,1
37950,5
37951,1
37952,0
37953,2
37954,6
37955,3
37956,0
37957,0
37958,6
37959,1
37960,6
37961,6
37962,0
37963,5
37964,6
37965,5
37966,0
37967,6
37968,5
37969,1
37970,6
37971,1
37972,3
37973,5
37974,6
37975,0
37976,6
37977,0
37978,2
37979,5
37980,3
37981,6
37982,3
37983,0
37984,6
37985,5
37986,6
37987,5
37988,2
37989,5
37990,4
37991,2
37992,1
37993,0
37994,0
37995,5
37996,5
37997,5
37998,6
37999,1
38000,0
38001,3
38002,4
38003,5
38004,6
38005,0
38006,0
38007,1
38008,3
38009,5
38010,1
38011,3
38012,5
38013,6
38014,5
38015,5
38016,3
38017,5
38018,0
38019,5
38020,6
38021,6
38022,0
38023,3
38024,1
38025,1
38026,3
38027,5
38028,1
38029,6
38030,5
38031,1
38032,5
38033,5
38034,1
38035,5
38036,5
38037,5
38038,6
38039,6
38040,5
38041,5
38042,6
38043,6
38044,5
38045,5
38046,1
38047,6
38048,6
38049,4
38050,3
38051,6
38052,4
38053,6
38054,6
38055,5
38056,2
38057,5
38058,4
38059,6
38060,1
38061,6
38062,2
38063,5
38064,2
38065,0
38066,2
38067,5
38068,3
38069,1
38070,3
38071,3
38072,1
38073,2
38074,5
38075,5
38076,6
38077,5
38078,2
38079,3
38080,4
38081,4
38082,3
38083,5
38084,0
38085,5
38086,5
38087,1
38088,6
38089,5
38090,3
38091,5
38092,4
38093,5
38094,6
38095,0
38096,2
38097,3
38098,5
38099,1
38100,2
38101,0
38102,5
38103,6
38104,5
38105,6
38106,6
38107,5
38108,5
38109,6
38110,0
38111,3
38112,5
38113,3
38114,6
38115,0
38116,4
38117,6
38118,3
38119,3
38120,6
38121,6
38122,3
38123,5
38124,5
38125,1
38126,1
38127,5
38128,3
38129,6
38130,0
38131,6
38132,6
38133,1
38134,0
38135,5
38136,3
38137,1
38138,3
38139,6
38140,5
38141,1
38142,0
38143,2
38144,0
38145,1
38146,5
38147,3
38148,5
38149,6
38150,0
38151,6
38152,6
38153,5
38154,0
38155,0
38156,5
38157,5
38158,6
38159,0
38160,2
38161,2
38162,6
38163,1
38164,6
38165,5
38166,5
38167,1
38168,3
38169,1
38170,1
38171,0
38172,2
38173,5
38174,3
38175,5
38176,6
38177,1
38178,4
38179,3
38180,3
38181,2
38182,6
38183,6
38184,6
38185,5
38186,0
38187,2
38188,5
38189,6
38190,3
38191,4
38192,1
38193,5
38194,2
38195,6
38196,5
38197,0
38198,5
38199,5
38200,3
38201,1
38202,6
38203,1
38204,5
38205,6
38206,5
38207,5
38208,0
38209,0
38210,4
38211,5
38212,6
38213,1
38214,0
38215,5
38216,5
38217,2
38218,5
38219,0
38220,3
38221,0
38222,1
38223,0
38224,3
38225,1
38226,3
38227,4
38228,4
38229,5
38230,5
38231,5
38232,0
38233,6
38234,6
38235,6
38236,5
38237,6
38238,5
38239,6
38240,4
38241,6
38242,5
38243,5
38244,0
38245,5
38246,5
38247,2
38248,6
38249,5
38250,5
38251,5
38252,1
38253,6
38254,6
38255,0
38256,5
38257,2
38258,2
38259,6
38260,3
38261,0
38262,0
38263,3
38264,2
38265,5
38266,6
38267,0
38268,3
38269,6
38270,6
38271,6
38272,0
38273,5
38274,0
38275,0
38276,4
38277,2
38278,3
38279,5
38280,1
38281,2
38282,0
38283,3
38284,1
38285,0
38286,3
38287,4
38288,3
38289,5
38290,3
38291,1
38292,0
38293,1
38294,3
38295,5
38296,0
38297,6
38298,3
38299,6
38300,1
38301,5
38302,5
38303,4
38304,3
38305,0
38306,1
38307,0
38308,6
38309,1
38310,2
38311,0
38312,1
38313,5
38314,6
38315,3
38316,2
38317,2
38318,5
38319,3
38320,3
38321,5
38322,0
38323,5
38324,3
38325,5
38326,0
38327,2
38328,4
38329,0
38330,2
38331,0
38332,5
38333,2
38334,5
38335,3
38336,2
38337,6
38338,3
38339,6
38340,2
38341,5
38342,0
38343,0
38344,3
38345,5
38346,6
38347,3
38348,1
38349,0
38350,0
38351,0
38352,5
38353,0
38354,5
38355,0
38356,6
38357,2
38358,1
38359,5
38360,5
38361,5
38362,2
38363,0
38364,0
38365,5
38366,5
38367,1
38368,0
38369,5
38370,1
38371,5
38372,5
38373,5
38374,6
38375,5
38376,6
38377,6
38378,5
38379,3
38380,3
38381,5
38382,0
38383,2
38384,6
38385,0
38386,5
38387,6
38388,6
38389,6
38390,1
38391,6
38392,4
38393,1
38394,5
38395,5
38396,5
38397,4
38398,5
38399,5
38400,0
38401,1
38402,1
38403,1
38404,6
38405,0
38406,5
38407,4
38408,5
38409,6
38410,5
38411,5
38412,2
38413,2
38414,5
38415,5
38416,0
38417,5
38418,5
38419,3
38420,2
38421,3
38422,4
38423,5
38424,5
38425,1
38426,3
38427,5
38428,6
38429,1
38430,1
38431,5
38432,5
38433,5
38434,5
38435,6
38436,5
38437,5
38438,4
38439,5
38440,0
38441,0
38442,5
38443,5
38444,0
38445,6
38446,0
38447,5
38448,3
38449,6
38450,6
38451,6
38452,3
38453,6
38454,4
38455,2
38456,5
38457,5
38458,5
38459,5
38460,5
38461,0
38462,0
38463,3
38464,3
38465,5
38466,6
38467,2
38468,3
38469,3
38470,5
38471,2
38472,3
38473,6
38474,6
38475,5
38476,5
38477,5
38478,6
38479,2
38480,5
38481,6
38482,5
38483,5
38484,2
38485,1
38486,3
38487,1
38488,5
38489,5
38490,5
38491,0
38492,5
38493,1
38494,5
38495,1
38496,0
38497,0
38498,5
38499,1
38500,5
38501,6
38502,1
38503,4
38504,4
38505,0
38506,5
38507,3
38508,6
38509,1
38510,1
38511,5
38512,3
38513,0
38514,6
38515,6
38516,0
38517,2
38518,5
38519,0
38520,0
38521,0
38522,5
38523,4
38524,6
38525,6
38526,2
38527,5
38528,6
38529,5
38530,5
38531,6
38532,5
38533,6
38534,0
38535,6
38536,1
38537,5
38538,5
38539,1
38540,5
38541,6
38542,0
38543,0
38544,0
38545,0
38546,1
38547,0
38548,6
38549,5
38550,5
38551,5
38552,0
38553,5
38554,0
38555,5
38556,3
38557,0
38558,3
38559,0
38560,0
38561,0
38562,1
38563,2
38564,1
38565,1
38566,3
38567,3
38568,5
38569,5
38570,4
38571,0
38572,5
38573,1
38574,1
38575,5
38576,1
38577,0
38578,2
38579,6
38580,5
38581,6
38582,2
38583,0
38584,5
38585,5
38586,0
38587,5
38588,4
38589,1
38590,6
38591,5
38592,6
38593,5
38594,5
38595,3
38596,3
38597,6
38598,2
38599,0
38600,6
38601,2
38602,6
38603,5
38604,1
38605,3
38606,0
38607,6
38608,5
38609,5
38610,5
38611,0
38612,0
38613,5
38614,1
38615,0
38616,5
38617,1
38618,2
38619,0
38620,2
38621,3
38622,1
38623,5
38624,6
38625,0
38626,2
38627,5
38628,4
38629,1
38630,5
38631,1
38632,3
38633,6
38634,0
38635,0
38636,3
38637,0
38638,2
38639,6
38640,3
38641,5
38642,5
38643,5
38644,0
38645,6
38646,2
38647,0
38648,6
38649,0
38650,5
38651,6
38652,1
38653,1
38654,1
38655,0
38656,6
38657,0
38658,0
38659,1
38660,6
38661,1
38662,5
38663,0
38664,0
38665,5
38666,3
38667,5
38668,5
38669,5
38670,5
38671,0
38672,5
38673,5
38674,5
38675,4
38676,5
38677,5
38678,5
38679,5
38680,6
38681,3
38682,2
38683,2
38684,2
38685,1
38686,3
38687,6
38688,1
38689,5
38690,0
38691,0
38692,5
38693,4
38694,3
38695,6
38696,5
38697,4
38698,5
38699,2
38700,3
38701,0
38702,5
38703,2
38704,1
38705,5
38706,3
38707,6
38708,3
38709,3
38710,6
38711,5
38712,6
38713,5
38714,6
38715,4
38716,6
38717,5
38718,6
38719,6
38720,1
38721,6
38722,5
38723,5
38724,5
38725,5
38726,5
38727,1
38728,3
38729,2
38730,1
38731,2
38732,5
38733,6
38734,1
38735,0
38736,2
38737,6
38738,5
38739,6
38740,6
38741,1
38742,6
38743,2
38744,6
38745,5
38746,5
38747,1
38748,3
38749,6
38750,5
38751,4
38752,5
38753,0
38754,5
38755,2
38756,2
38757,3
38758,5
38759,1
38760,1
38761,1
38762,3
38763,6
38764,5
38765,0
38766,5
38767,5
38768,5
38769,0
38770,5
38771,6
38772,5
38773,5
38774,1
38775,4
38776,1
38777,2
38778,3
38779,3
38780,6
38781,5
38782,0
38783,0
38784,6
38785,6
38786,5
38787,6
38788,5
38789,1
38790,1
38791,3
38792,1
38793,2
38794,1
38795,4
38796,1
38797,6
38798,5
38799,5
38800,4
38801,3
38802,5
38803,0
38804,4
38805,6
38806,2
38807,5
38808,5
38809,6
38810,5
38811,6
38812,1
38813,5
38814,5
38815,6
38816,6
38817,0
38818,0
38819,6
38820,0
38821,4
38822,1
38823,1
38824,5
38825,2
38826,4
38827,6
38828,5
38829,3
38830,2
38831,5
38832,6
38833,5
38834,2
38835,5
38836,6
38837,5
38838,0
38839,2
38840,5
38841,0
38842,5
38843,1
38844,0
38845,3
38846,0
38847,0
38848,5
38849,0
38850,0
38851,0
38852,0
38853,3
38854,2
38855,5
38856,3
38857,4
38858,4
38859,5
38860,6
38861,5
38862,3
38863,5
38864,4
38865,0
38866,5
38867,5
38868,1
38869,6
38870,0
38871,3
38872,3
38873,6
38874,3
38875,5
38876,6
38877,5
38878,0
38879,3
38880,6
38881,5
38882,5
38883,1
38884,0
38885,3
38886,5
38887,4
38888,6
38889,2
38890,6
38891,4
38892,6
38893,6
38894,5
38895,5
38896,6
38897,6
38898,6
38899,2
38900,2
38901,2
38902,1
38903,6
38904,3
38905,2
38906,0
38907,2
38908,0
38909,0
38910,2
38911,2
38912,0
38913,4
38914,2
38915,5
38916,6
38917,5
38918,5
38919,0
38920,5
38921,3
38922,6
38923,1
38924,0
38925,5
38926,3
38927,5
38928,6
38929,3
38930,5
38931,0
38932,0
38933,0
38934,5
38935,5
38936,0
38937,5
38938,5
38939,6
38940,0
38941,6
38942,1
38943,5
38944,3
38945,5
38946,3
38947,5
38948,0
38949,5
38950,0
38951,5
38952,6
38953,3
38954,5
38955,0
38956,6
38957,3
38958,6
38959,5
38960,6
38961,0
38962,1
38963,4
38964,2
38965,6
38966,3
38967,6
38968,3
38969,5
38970,1
38971,3
38972,3
38973,2
38974,0
38975,5
38976,5
38977,2
38978,2
38979,2
38980,0
38981,6
38982,4
38983,5
38984,6
38985,0
38986,3
38987,2
38988,1
38989,5
38990,6
38991,6
38992,1
38993,5
38994,1
38995,4
38996,6
38997,3
38998,5
38999,1
39000,3
39001,0
39002,3
39003,2
39004,0
39005,4
39006,0
39007,5
39008,6
39009,0
39010,2
39011,1
39012,2
39013,0
39014,3
39015,6
39016,6
39017,5
39018,5
39019,3
39020,0
39021,0
39022,6
39023,5
39024,3
39025,5
39026,3
39027,2
39028,0
39029,2
39030,2
39031,6
39032,5
39033,5
39034,5
39035,0
39036,2
39037,0
39038,1
39039,5
39040,2
39041,3
39042,5
39043,5
39044,4
39045,6
39046,3
39047,6
39048,3
39049,5
39050,5
39051,2
39052,5
39053,6
39054,3
39055,5
39056,6
39057,5
39058,5
39059,6
39060,6
39061,5
39062,4
39063,5
39064,0
39065,5
39066,6
39067,5
39068,3
39069,6
39070,3
39071,5
39072,1
39073,5
39074,0
39075,6
39076,0
39077,0
39078,5
39079,0
39080,0
39081,1
39082,5
39083,0
39084,3
39085,1
39086,5
39087,0
39088,5
39089,6
39090,1
39091,3
39092,3
39093,5
39094,0
39095,0
39096,6
39097,6
39098,6
39099,1
39100,5
39101,6
39102,5
39103,5
39104,5
39105,3
39106,1
39107,5
39108,3
39109,0
39110,6
39111,5
39112,0
39113,4
39114,4
39115,6
39116,5
39117,3
39118,6
39119,1
39120,0
39121,5
39122,3
39123,0
39124,2
39125,1
39126,4
39127,6
39128,6
39129,2
39130,2
39131,1
39132,5
39133,0
39134,4
39135,4
39136,3
39137,5
39138,6
39139,2
39140,4
39141,6
39142,5
39143,0
39144,6
39145,5
39146,6
39147,5
39148,0
39149,5
39150,4
39151,6
39152,2
39153,5
39154,3
39155,6
39156,4
39157,6
39158,3
39159,0
39160,6
39161,6
39162,2
39163,1
39164,1
39165,5
39166,5
39167,0
39168,0
39169,6
39170,1
39171,4
39172,5
39173,5
39174,6
39175,3
39176,1
39177,3
39178,6
39179,4
39180,2
39181,5
39182,3
39183,2
39184,0
39185,0
39186,2
39187,5
39188,3
39189,0
39190,5
39191,1
39192,0
39193,5
39194,3
39195,0
39196,0
39197,3
39198,0
39199,5
39200,3
39201,2
39202,0
39203,5
39204,2
39205,2
39206,3
39207,6
39208,5
39209,1
39210,1
39211,3
39212,3
39213,0
39214,5
39215,2
39216,5
39217,5
39218,0
39219,6
39220,1
39221,1
39222,4
39223,1
39224,5
39225,6
39226,6
39227,5
39228,0
39229,6
39230,6
39231,5
39232,1
39233,1
39234,1
39235,4
39236,3
39237,3
39238,0
39239,6
39240,6
39241,2
39242,1
39243,3
39244,1
39245,0
39246,5
39247,2
39248,6
39249,6
39250,6
39251,4
39252,5
39253,2
39254,5
39255,5
39256,5
39257,5
39258,6
39259,5
39260,5
39261,5
39262,3
39263,5
39264,0
39265,4
39266,6
39267,5
39268,3
39269,5
39270,5
39271,5
39272,3
39273,1
39274,6
39275,5
39276,6
39277,2
39278,3
39279,3
39280,5
39281,5
39282,5
39283,3
39284,6
39285,2
39286,1
39287,5
39288,5
39289,5
39290,1
39291,1
39292,1
39293,5
39294,1
39295,1
39296,3
39297,5
39298,3
39299,0
39300,6
39301,0
39302,2
39303,6
39304,3
39305,5
39306,2
39307,6
39308,3
39309,6
39310,5
39311,2
39312,1
39313,5
39314,2
39315,2
39316,5
39317,3
39318,1
39319,6
39320,5
39321,0
39322,2
39323,1
39324,5
39325,5
39326,1
39327,6
39328,4
39329,5
39330,6
39331,5
39332,3
39333,5
39334,5
39335,5
39336,5
39337,3
39338,3
39339,5
39340,2
39341,6
39342,2
39343,0
39344,5
39345,1
39346,4
39347,2
39348,6
39349,1
39350,5
39351,6
39352,0
39353,5
39354,5
39355,6
39356,1
39357,5
39358,5
39359,3
39360,5
39361,5
39362,5
39363,1
39364,0
39365,6
39366,2
39367,0
39368,5
39369,5
39370,0
39371,5
39372,5
39373,2
39374,5
39375,1
39376,5
39377,1
39378,3
39379,6
39380,5
39381,2
39382,6
39383,5
39384,5
39385,5
39386,0
39387,5
39388,6
39389,3
39390,0
39391,3
39392,5
39393,2
39394,3
39395,4
39396,6
39397,1
39398,3
39399,1
39400,5
39401,5
39402,1
39403,6
39404,5
39405,0
39406,4
39407,2
39408,1
39409,6
39410,2
39411,0
39412,1
39413,5
39414,1
39415,0
39416,5
39417,5
39418,3
39419,1
39420,5
39421,1
39422,6
39423,6
39424,5
39425,0
39426,1
39427,0
39428,6
39429,4
39430,0
39431,5
39432,6
39433,2
39434,2
39435,2
39436,2
39437,2
39438,5
39439,2
39440,6
39441,0
39442,6
39443,1
39444,0
39445,6
39446,0
39447,5
39448,0
39449,6
39450,1
39451,6
39452,6
39453,1
39454,2
39455,0
39456,6
39457,5
39458,4
39459,6
39460,5
39461,5
39462,5
39463,3
39464,6
39465,5
39466,0
39467,0
39468,6
39469,1
39470,5
39471,4
39472,5
39473,3
39474,0
39475,1
39476,3
39477,2
39478,4
39479,0
39480,6
39481,0
39482,1
39483,0
39484,1
39485,3
39486,6
39487,4
39488,5
39489,6
39490,0
39491,6
39492,3
39493,0
39494,2
39495,4
39496,2
39497,3
39498,5
39499,0
39500,0
39501,5
39502,6
39503,0
39504,1
39505,3
39506,4
39507,3
39508,6
39509,0
39510,5
39511,2
39512,5
39513,6
39514,0
39515,2
39516,3
39517,5
39518,3
39519,6
39520,2
39521,0
39522,3
39523,6
39524,1
39525,6
39526,6
39527,3
39528,1
39529,6
39530,5
39531,5
39532,5
39533,2
39534,5
39535,0
39536,5
39537,6
39538,5
39539,0
39540,0
39541,5
39542,6
39543,3
39544,3
39545,6
39546,6
39547,3
39548,5
39549,5
39550,0
39551,3
39552,5
39553,5
39554,5
39555,4
39556,6
39557,5
39558,2
39559,2
39560,6
39561,5
39562,3
39563,3
39564,5
39565,2
39566,6
39567,5
39568,0
39569,5
39570,0
39571,6
39572,0
39573,6
39574,1
39575,5
39576,1
39577,3
39578,1
39579,1
39580,5
39581,4
39582,6
39583,0
39584,5
39585,6
39586,3
39587,2
39588,4
39589,1
39590,5
39591,5
39592,5
39593,0
39594,0
39595,0
39596,5
39597,3
39598,6
39599,6
39600,1
39601,0
39602,5
39603,5
39604,5
39605,3
39606,5
39607,5
39608,6
39609,1
39610,5
39611,1
39612,2
39613,1
39614,1
39615,0
39616,5
39617,5
39618,5
39619,1
39620,4
39621,6
39622,3
39623,5
39624,5
39625,2
39626,2
39627,1
39628,2
39629,0
39630,3
39631,6
39632,5
39633,1
39634,1
39635,3
39636,6
39637,6
39638,2
39639,5
39640,5
39641,2
39642,5
39643,6
39644,0
39645,2
39646,0
39647,2
39648,5
39649,2
39650,1
39651,5
39652,3
39653,4
39654,6
39655,5
39656,1
39657,5
39658,1
39659,2
39660,1
39661,2
39662,0
39663,6
39664,2
39665,0
39666,6
39667,1
39668,5
39669,5
39670,2
39671,6
39672,1
39673,6
39674,1
39675,0
39676,5
39677,0
39678,3
39679,3
39680,1
39681,2
39682,1
39683,5
39684,6
39685,6
39686,3
39687,5
39688,2
39689,5
39690,6
39691,5
39692,6
39693,5
39694,0
39695,6
39696,5
39697,5
39698,5
39699,0
39700,5
39701,5
39702,6
39703,5
39704,5
39705,0
39706,1
39707,6
39708,1
39709,6
39710,5
39711,5
39712,2
39713,0
39714,2
39715,0
39716,1
39717,0
39718,0
39719,6
39720,0
39721,3
39722,6
39723,1
39724,5
39725,5
39726,2
39727,6
39728,0
39729,5
39730,5
39731,1
39732,6
39733,5
39734,5
39735,6
39736,6
39737,5
39738,6
39739,3
39740,6
39741,1
39742,3
39743,5
39744,5
39745,0
39746,4
39747,5
39748,5
39749,5
39750,4
39751,5
39752,1
39753,5
39754,0
39755,5
39756,5
39757,6
39758,5
39759,3
39760,2
39761,6
39762,6
39763,6
39764,4
39765,3
39766,0
39767,5
39768,5
39769,6
39770,1
39771,2
39772,2
39773,2
39774,4
39775,1
39776,0
39777,4
39778,6
39779,3
39780,0
39781,3
39782,1
39783,1
39784,6
39785,0
39786,2
39787,3
39788,6
39789,3
39790,0
39791,6
39792,0
39793,6
39794,6
39795,6
39796,5
39797,0
39798,1
39799,3
39800,2
39801,2
39802,6
39803,0
39804,5
39805,5
39806,5
39807,5
39808,5
39809,3
39810,6
39811,6
39812,0
39813,1
39814,2
39815,0
39816,6
39817,5
39818,6
39819,6
39820,3
39821,5
39822,3
39823,5
39824,6
39825,1
39826,5
39827,5
39828,5
39829,1
39830,5
39831,1
39832,0
39833,5
39834,5
39835,3
39836,5
39837,2
39838,6
39839,5
39840,0
39841,4
39842,0
39843,2
39844,6
39845,1
39846,5
39847,6
39848,5
39849,1
39850,6
39851,5
39852,5
39853,0
39854,0
39855,5
39856,6
39857,1
39858,3
39859,0
39860,5
39861,3
39862,1
39863,5
39864,5
39865,1
39866,5
39867,4
39868,6
39869,3
39870,5
39871,1
39872,3
39873,6
39874,3
39875,5
39876,2
39877,5
39878,6
39879,6
39880,5
39881,3
39882,0
39883,3
39884,5
39885,5
39886,5
39887,2
39888,6
39889,6
39890,4
39891,3
39892,1
39893,1
39894,6
39895,5
39896,1
39897,6
39898,6
39899,6
39900,2
39901,3
39902,3
39903,6
39904,5
39905,5
39906,1
39907,6
39908,2
39909,1
39910,0
39911,5
39912,5
39913,5
39914,5
39915,5
39916,4
39917,0
39918,2
39919,6
39920,5
39921,2
39922,0
39923,2
39924,5
39925,0
39926,3
39927,2
39928,4
39929,3
39930,3
39931,3
39932,6
39933,2
39934,1
39935,2
39936,3
39937,1
39938,0
39939,5
39940,3
39941,3
39942,2
39943,6
39944,4
39945,0
39946,0
39947,2
39948,6
39949,5
39950,0
39951,5
39952,1
39953,2
39954,5
39955,2
39956,1
39957,2
39958,6
39959,1
39960,1
39961,0
39962,5
39963,5
39964,0
39965,5
39966,1
39967,5
39968,4
39969,6
39970,5
39971,3
39972,4
39973,1
39974,6
39975,5
39976,4
39977,5
39978,1
39979,5
39980,5
39981,2
39982,2
39983,1
39984,0
39985,0
39986,2
39987,6
39988,1
39989,1
39990,6
39991,6
39992,4
39993,6
39994,4
39995,1
39996,5
39997,3
39998,1
39999,5
40000,5
40001,3
40002,2
40003,5
40004,1
40005,0
40006,1
40007,0
40008,5
40009,1
40010,1
40011,0
40012,1
40013,1
40014,4
40015,1
40016,0
40017,0
40018,3
40019,6
40020,3
40021,1
40022,6
40023,1
40024,4
40025,5
40026,2
40027,3
40028,1
40029,5
40030,0
40031,4
40032,5
40033,5
40034,3
40035,4
40036,6
40037,4
40038,0
40039,5
40040,5
40041,3
40042,1
40043,6
40044,6
40045,2
40046,5
40047,1
40048,0
40049,5
40050,3
40051,5
40052,5
40053,5
40054,0
40055,3
40056,0
40057,5
40058,5
40059,3
40060,1
40061,6
40062,2
40063,1
40064,3
40065,5
40066,5
40067,5
40068,1
40069,6
40070,6
40071,1
40072,0
40073,5
40074,5
40075,0
40076,1
40077,0
40078,5
40079,5
40080,5
40081,0
40082,4
40083,4
40084,0
40085,3
40086,4
40087,6
40088,6
40089,6
40090,6
40091,3
40092,5
40093,6
40094,5
40095,4
40096,0
40097,0
40098,1
40099,1
40100,5
40101,0
40102,3
40103,1
40104,5
40105,2
40106,5
40107,5
40108,5
40109,2
40110,5
40111,5
40112,5
40113,3
40114,6
40115,3
40116,5
40117,6
40118,0
40119,5
40120,5
40121,2
40122,0
40123,6
40124,5
40125,0
40126,5
40127,0
40128,0
40129,1
40130,1
40131,2
40132,6
40133,0
40134,1
40135,5
40136,6
40137,5
40138,5
40139,0
40140,5
40141,6
40142,0
40143,5
40144,5
40145,5
40146,5
40147,0
40148,2
40149,2
40150,5
40151,5
40152,0
40153,6
40154,1
40155,0
40156,5
40157,0
40158,2
40159,1
40160,5
40161,0
40162,5
40163,5
40164,6
40165,5
40166,3
40167,6
40168,5
40169,1
40170,3
40171,3
40172,6
40173,2
40174,5
40175,0
40176,1
40177,2
40178,5
40179,0
40180,4
40181,0
40182,5
40183,6
40184,1
40185,1
40186,6
40187,0
40188,2
40189,2
40190,3
40191,5
40192,0
40193,2
40194,3
40195,0
40196,1
40197,5
40198,6
40199,1
40200,4
40201,1
40202,1
40203,6
40204,5
40205,4
40206,2
40207,6
40208,2
40209,6
40210,2
40211,5
40212,5
40213,3
40214,6
40215,5
40216,0
40217,5
40218,5
40219,5
40220,6
40221,6
40222,2
40223,5
40224,0
40225,5
40226,3
40227,0
40228,0
40229,1
40230,0
40231,1
40232,0
40233,1
40234,1
40235,4
40236,0
40237,2
40238,2
40239,0
40240,6
40241,5
40242,3
40243,0
40244,0
40245,1
40246,5
40247,3
40248,1
40249,5
40250,0
40251,5
40252,5
40253,5
40254,5
40255,0
40256,6
40257,6
40258,5
40259,4
40260,2
40261,2
40262,3
40263,6
40264,4
40265,0
40266,1
40267,5
40268,5
40269,0
40270,0
40271,3
40272,0
40273,0
40274,3
40275,3
40276,3
40277,5
40278,5
40279,5
40280,5
40281,5
40282,3
40283,0
40284,3
40285,3
40286,3
40287,0
40288,1
40289,5
40290,0
40291,6
40292,3
40293,6
40294,1
40295,1
40296,0
40297,6
40298,5
40299,2
40300,4
40301,6
40302,3
40303,5
40304,2
40305,0
40306,6
40307,5
40308,0
40309,0
40310,0
40311,5
40312,1
40313,1
40314,6
40315,5
40316,4
40317,3
40318,5
40319,5
40320,6
40321,0
40322,5
40323,1
40324,3
40325,2
40326,6
40327,3
40328,5
40329,2
40330,3
40331,2
40332,2
40333,3
40334,5
40335,3
40336,0
40337,0
40338,5
40339,5
40340,5
40341,5
40342,3
40343,2
40344,5
40345,0
40346,0
40347,0
40348,3
40349,1
40350,4
40351,0
40352,0
40353,6
40354,1
40355,6
40356,5
40357,6
40358,0
40359,6
40360,6
40361,5
40362,3
40363,0
40364,1
40365,5
40366,0
40367,5
40368,2
40369,5
40370,3
40371,5
40372,1
40373,4
40374,1
40375,1
40376,1
40377,5
40378,5
40379,5
40380,4
40381,3
40382,1
40383,5
40384,3
40385,3
40386,2
40387,5
40388,3
40389,6
40390,1
40391,6
40392,2
40393,2
40394,5
40395,0
40396,3
40397,6
40398,5
40399,5
40400,5
40401,0
40402,5
40403,0
40404,5
40405,5
40406,1
40407,4
40408,0
40409,6
40410,2
40411,6
40412,1
40413,0
40414,5
40415,0
40416,0
40417,6
40418,5
40419,3
40420,5
40421,5
40422,6
40423,3
40424,5
40425,6
40426,0
40427,6
40428,6
40429,6
40430,5
40431,3
40432,5
40433,5
40434,5
40435,5
40436,5
40437,6
40438,5
40439,0
40440,1
40441,1
40442,6
40443,1
40444,2
40445,1
40446,3
40447,2
40448,1
40449,5
40450,0
40451,5
40452,6
40453,4
40454,5
40455,6
40456,2
40457,2
40458,5
40459,2
40460,0
40461,6
40462,2
40463,5
40464,4
40465,2
40466,1
40467,2
40468,3
40469,0
40470,1
40471,5
40472,3
40473,5
40474,6
40475,5
40476,5
40477,2
40478,2
40479,6
40480,1
40481,5
40482,5
40483,0
40484,4
40485,5
40486,1
40487,4
40488,3
40489,6
40490,3
40491,6
40492,6
40493,1
40494,1
40495,2
40496,6
40497,5
40498,1
40499,5
40500,0
40501,2
40502,1
40503,1
40504,5
40505,5
40506,0
40507,5
40508,2
40509,5
40510,1
40511,2
40512,0
40513,5
40514,3
40515,5
40516,5
40517,5
40518,6
40519,4
40520,0
40521,3
40522,5
40523,6
40524,0
40525,1
40526,5
40527,6
40528,6
40529,3
40530,5
40531,0
40532,2
40533,3
40534,4
40535,2
40536,0
40537,0
40538,0
40539,6
40540,1
40541,1
40542,2
40543,5
40544,0
40545,3
40546,6
40547,3
40548,5
40549,2
40550,3
40551,4
40552,6
40553,1
40554,5
40555,0
40556,5
40557,5
40558,3
40559,2
40560,3
40561,6
40562,5
40563,4
40564,5
40565,6
40566,6
40567,1
40568,5
40569,4
40570,2
40571,6
40572,6
40573,5
40574,1
40575,5
40576,1
40577,6
40578,1
40579,6
40580,6
40581,5
40582,5
40583,5
40584,2
40585,2
40586,5
40587,6
40588,5
40589,6
40590,2
40591,3
40592,5
40593,5
40594,2
40595,2
40596,0
40597,6
40598,0
40599,2
40600,0
40601,5
40602,5
40603,6
40604,5
40605,1
40606,2
40607,5
40608,2
40609,2
40610,3
40611,0
40612,3
40613,5
40614,6
40615,1
40616,1
40617,1
40618,5
40619,4
40620,1
40621,1
40622,3
40623,0
40624,5
40625,6
40626,4
40627,5
40628,0
40629,0
40630,0
40631,5
40632,0
40633,2
40634,6
40635,5
40636,0
40637,0
40638,5
40639,5
40640,2
40641,5
40642,5
40643,3
40644,4
40645,3
40646,2
40647,0
40648,3
40649,6
40650,6
40651,6
40652,6
40653,0
40654,0
40655,1
40656,5
40657,1
40658,5
40659,6
40660,5
40661,2
40662,6
40663,6
40664,0
40665,5
40666,0
40667,5
40668,5
40669,6
40670,6
40671,1
40672,0
40673,5
40674,1
40675,1
40676,5
40677,5
40678,5
40679,0
40680,5
40681,5
40682,0
40683,5
40684,1
40685,5
40686,1
40687,0
40688,0
40689,1
40690,6
40691,5
40692,4
40693,0
40694,1
40695,0
40696,5
40697,5
40698,3
40699,2
40700,5
40701,0
40702,3
40703,6
40704,0
40705,1
40706,6
40707,3
40708,0
40709,6
40710,0
40711,2
40712,5
40713,1
40714,5
40715,2
40716,0
40717,6
40718,4
40719,0
40720,3
40721,6
40722,1
40723,3
40724,3
40725,5
40726,6
40727,6
40728,0
40729,5
40730,6
40731,5
40732,2
40733,2
40734,4
40735,1
40736,3
40737,1
40738,5
40739,1
40740,1
40741,3
40742,0
40743,0
40744,4
40745,5
40746,6
40747,5
40748,2
40749,5
40750,5
40751,5
40752,5
40753,1
40754,3
40755,3
40756,1
40757,2
40758,1
40759,3
40760,3
40761,2
40762,2
40763,2
40764,1
40765,5
40766,5
40767,5
40768,3
40769,5
40770,1
40771,3
40772,6
40773,5
40774,5
40775,4
40776,5
40777,4
40778,1
40779,6
40780,0
40781,0
40782,1
40783,2
40784,0
40785,0
40786,6
40787,5
40788,6
40789,1
40790,6
40791,2
40792,1
40793,5
40794,5
40795,3
40796,5
40797,6
40798,3
40799,2
40800,5
40801,5
40802,0
40803,0
40804,5
40805,5
40806,1
40807,6
40808,5
40809,6
40810,6
40811,1
40812,0
40813,0
40814,6
40815,0
40816,0
40817,0
40818,0
40819,6
40820,5
40821,2
40822,6
40823,5
40824,1
40825,0
40826,3
40827,6
40828,0
40829,5
40830,0
40831,1
40832,1
40833,1
40834,0
40835,5
40836,0
40837,0
40838,2
40839,2
40840,2
40841,0
40842,5
40843,3
40844,6
40845,6
40846,0
40847,5
40848,1
40849,5
40850,5
40851,1
40852,5
40853,5
40854,5
40855,5
40856,6
40857,5
40858,6
40859,5
40860,3
40861,1
40862,1
40863,3
40864,0
40865,3
40866,0
40867,2
40868,5
40869,2
40870,1
40871,1
40872,0
40873,5
40874,2
40875,5
40876,6
40877,4
40878,4
40879,1
40880,5
40881,2
40882,0
40883,0
40884,3
40885,3
40886,2
40887,0
40888,5
40889,5
40890,5
40891,0
40892,5
40893,0
40894,1
40895,5
40896,0
40897,5
40898,2
40899,2
40900,5
40901,6
40902,1
40903,6
40904,6
40905,5
40906,1
40907,2
40908,5
40909,5
40910,1
40911,0
40912,5
40913,2
40914,2
40915,0
40916,5
40917,2
40918,1
40919,1
40920,1
40921,0
40922,5
40923,3
40924,4
40925,5
40926,5
40927,0
40928,5
40929,5
40930,0
40931,0
40932,0
40933,0
40934,6
40935,0
40936,4
40937,5
40938,2
40939,0
40940,0
40941,3
40942,0
40943,2
40944,6
40945,0
40946,5
40947,0
40948,0
40949,6
40950,0
40951,0
40952,1
40953,5
40954,6
40955,5
40956,2
40957,3
40958,3
40959,0
40960,0
40961,3
40962,6
40963,3
40964,6
40965,3
40966,6
40967,0
40968,0
40969,5
40970,0
40971,5
40972,0
40973,0
40974,6
40975,6
40976,5
40977,5
40978,1
40979,5
40980,5
40981,4
40982,6
40983,5
40984,4
40985,1
40986,0
40987,5
40988,0
40989,3
40990,6
40991,3
40992,1
40993,3
40994,5
40995,1
40996,5
40997,5
40998,2
40999,0
41000,5
41001,3
41002,2
41003,2
41004,3
41005,5
41006,1
41007,0
41008,5
41009,5
41010,5
41011,3
41012,1
41013,3
41014,0
41015,0
41016,0
41017,0
41018,3
41019,5
41020,2
41021,5
41022,5
41023,1
41024,5
41025,6
41026,4
41027,5
41028,6
41029,0
41030,5
41031,0
41032,5
41033,2
41034,5
41035,6
41036,2
41037,5
41038,5
41039,4
41040,3
41041,3
41042,0
41043,1
41044,6
41045,2
41046,1
41047,2
41048,3
41049,0
41050,3
41051,1
41052,3
41053,3
41054,3
41055,3
41056,0
41057,5
41058,2
41059,3
41060,5
41061,0
41062,1
41063,2
41064,3
41065,5
41066,5
41067,2
41068,2
41069,2
41070,3
41071,3
41072,2
41073,2
41074,1
41075,5
41076,5
41077,0
41078,3
41079,5
41080,5
41081,5
41082,0
41083,5
41084,5
41085,5
41086,5
41087,0
41088,1
41089,5
41090,3
41091,5
41092,2
41093,1
41094,5
41095,0
41096,6
41097,1
41098,5
41099,6
41100,6
41101,3
41102,0
41103,3
41104,4
41105,5
41106,5
41107,6
41108,5
41109,5
41110,6
41111,5
41112,0
41113,6
41114,4
41115,3
41116,5
41117,0
41118,5
41119,5
41120,1
41121,3
41122,0
41123,1
41124,5
41125,6
41126,3
41127,1
41128,6
41129,6
41130,1
41131,0
41132,4
41133,1
41134,5
41135,6
41136,4
41137,5
41138,0
41139,6
41140,5
41141,0
41142,4
41143,1
41144,3
41145,5
41146,6
41147,0
41148,3
41149,3
41150,6
41151,5
41152,5
41153,5
41154,6
41155,0
41156,5
41157,5
41158,2
41159,3
41160,5
41161,5
41162,0
41163,5
41164,5
41165,5
41166,1
41167,0
41168,6
41169,3
41170,6
41171,4
41172,0
41173,0
41174,5
41175,1
41176,5
41177,3
41178,6
41179,3
41180,5
41181,5
41182,1
41183,6
41184,5
41185,6
41186,2
41187,3
41188,1
41189,0
41190,2
41191,4
41192,3
41193,6
41194,3
41195,5
41196,5
41197,1
41198,5
41199,5
41200,4
41201,6
41202,3
41203,5
41204,0
41205,5
41206,5
41207,1
41208,2
41209,1
41210,5
41211,5
41212,2
41213,3
41214,1
41215,3
41216,5
41217,0
41218,5
41219,0
41220,2
41221,1
41222,1
41223,5
41224,0
41225,5
41226,2
41227,6
41228,5
41229,6
41230,6
41231,3
41232,1
41233,6
41234,3
41235,1
41236,2
41237,5
41238,5
41239,3
41240,5
41241,3
41242,5
41243,5
41244,1
41245,1
41246,1
41247,5
41248,2
41249,3
41250,5
41251,5
41252,0
41253,6
41254,1
41255,3
41256,3
41257,1
41258,5
41259,3
41260,3
41261,1
41262,5
41263,5
41264,1
41265,6
41266,2
41267,5
41268,1
41269,6
41270,5
41271,5
41272,5
41273,0
41274,2
41275,5
41276,5
41277,5
41278,5
41279,5
41280,5
41281,6
41282,0
41283,6
41284,5
41285,3
41286,5
41287,0
41288,6
41289,2
41290,5
41291,3
41292,5
41293,6
41294,1
41295,0
41296,0
41297,0
41298,6
41299,6
41300,0
41301,6
41302,6
41303,5
41304,3
41305,1
41306,5
41307,5
41308,4
41309,2
41310,1
41311,2
41312,5
41313,0
41314,5
41315,1
41316,6
41317,0
41318,3
41319,3
41320,6
41321,6
41322,4
41323,6
41324,1
41325,4
41326,5
41327,6
41328,2
41329,5
41330,1
41331,5
41332,6
41333,0
41334,1
41335,2
41336,3
41337,1
41338,2
41339,5
41340,5
41341,2
41342,2
41343,5
41344,6
41345,1
41346,3
41347,3
41348,5
41349,6
41350,2
41351,3
41352,5
41353,6
41354,5
41355,5
41356,6
41357,2
41358,5
41359,0
41360,3
41361,5
41362,6
41363,3
41364,3
41365,0
41366,5
41367,4
41368,1
41369,5
41370,2
41371,6
41372,3
41373,5
41374,5
41375,5
41376,0
41377,0
41378,1
41379,5
41380,1
41381,0
41382,5
41383,1
41384,1
41385,6
41386,5
41387,5
41388,1
41389,0
41390,0
41391,6
41392,1
41393,5
41394,5
41395,5
41396,6
41397,6
41398,1
41399,3
41400,0
41401,6
41402,6
41403,6
41404,0
41405,5
41406,4
41407,1
41408,6
41409,0
41410,5
41411,1
41412,0
41413,5
41414,3
41415,0
41416,0
41417,5
41418,5
41419,5
41420,1
41421,5
41422,3
41423,1
41424,1
41425,4
41426,5
41427,5
41428,6
41429,6
41430,2
41431,5
41432,1
41433,5
41434,1
41435,5
41436,1
41437,1
41438,5
41439,5
41440,2
41441,5
41442,6
41443,5
41444,3
41445,2
41446,5
41447,6
41448,6
41449,6
41450,6
41451,0
41452,5
41453,6
41454,6
41455,2
41456,6
41457,3
41458,3
41459,1
41460,6
41461,2
41462,6
41463,6
41464,0
41465,0
41466,2
41467,0
41468,4
41469,6
41470,4
41471,1
41472,5
41473,0
41474,0
41475,2
41476,3
41477,6
41478,1
41479,6
41480,2
41481,0
41482,2
41483,3
41484,5
41485,3
41486,1
41487,5
41488,5
41489,1
41490,2
41491,5
41492,1
41493,5
41494,6
41495,5
41496,0
41497,6
41498,0
41499,0
41500,5
41501,1
41502,1
41503,5
41504,5
41505,0
41506,0
41507,5
41508,5
41509,5
41510,5
41511,2
41512,6
41513,2
41514,0
41515,0
41516,2
41517,2
41518,5
41519,1
41520,5
41521,6
41522,2
41523,1
41524,2
41525,5
41526,0
41527,6
41528,5
41529,5
41530,3
41531,6
41532,6
41533,0
41534,3
41535,2
41536,5
41537,5
41538,6
41539,5
41540,0
41541,6
41542,0
41543,1
41544,2
41545,5
41546,5
41547,1
41548,3
41549,0
41550,5
41551,3
41552,5
41553,3
41554,5
41555,3
41556,1
41557,6
41558,5
41559,2
41560,6
41561,0
41562,5
41563,2
41564,5
41565,3
41566,0
41567,0
41568,0
41569,5
41570,1
41571,5
41572,2
41573,3
41574,1
41575,1
41576,1
41577,1
41578,6
41579,2
41580,5
41581,5
41582,5
41583,3
41584,3
41585,6
41586,5
41587,0
41588,2
41589,0
41590,6
41591,6
41592,5
41593,6
41594,1
41595,6
41596,2
41597,3
41598,5
41599,5
41600,2
41601,4
41602,0
41603,5
41604,6
41605,5
41606,3
41607,5
41608,5
41609,6
41610,6
41611,5
41612,5
41613,6
41614,5
41615,6
41616,6
41617,5
41618,5
41619,5
41620,5
41621,6
41622,5
41623,5
41624,5
41625,0
41626,1
41627,5
41628,6
41629,3
41630,6
41631,5
41632,0
41633,6
41634,2
41635,1
41636,4
41637,4
41638,6
41639,2
41640,1
41641,6
41642,2
41643,0
41644,3
41645,5
41646,4
41647,6
41648,0
41649,2
41650,5
41651,5
41652,5
41653,3
41654,3
41655,5
41656,5
41657,1
41658,3
41659,0
41660,5
41661,6
41662,5
41663,0
41664,5
41665,0
41666,5
41667,3
41668,5
41669,5
41670,5
41671,3
41672,0
41673,5
41674,0
41675,5
41676,0
41677,6
41678,6
41679,5
41680,5
41681,5
41682,6
41683,5
41684,1
41685,0
41686,5
41687,1
41688,5
41689,5
41690,4
41691,2
41692,2
41693,2
41694,5
41695,1
41696,1
41697,5
41698,1
41699,6
41700,2
41701,5
41702,6
41703,5
41704,1
41705,6
41706,5
41707,0
41708,5
41709,5
41710,0
41711,0
41712,6
41713,5
41714,0
41715,6
41716,6
41717,3
41718,5
41719,3
41720,3
41721,6
41722,0
41723,5
41724,5
41725,1
41726,1
41727,1
41728,6
41729,5
41730,1
41731,4
41732,4
41733,6
41734,6
41735,5
41736,5
41737,6
41738,6
41739,2
41740,2
41741,0
41742,5
41743,6
41744,5
41745,5
41746,5
41747,3
41748,3
41749,5
41750,1
41751,3
41752,3
41753,1
41754,5
41755,5
41756,5
41757,2
41758,0
41759,5
41760,0
41761,5
41762,5
41763,5
41764,5
41765,0
41766,1
41767,5
41768,5
41769,0
41770,1
41771,5
41772,5
41773,5
41774,3
41775,5
41776,1
41777,2
41778,5
41779,5
41780,3
41781,0
41782,0
41783,3
41784,0
41785,3
41786,5
41787,3
41788,0
41789,4
41790,0
41791,2
41792,2
41793,5
41794,5
41795,1
41796,0
41797,2
41798,5
41799,0
41800,0
41801,0
41802,0
41803,1
41804,2
41805,3
41806,5
41807,6
41808,5
41809,2
41810,0
41811,0
41812,4
41813,3
41814,5
41815,0
41816,5
41817,5
41818,0
41819,6
41820,0
41821,0
41822,2
41823,0
41824,5
41825,6
41826,2
41827,2
41828,0
41829,0
41830,6
41831,2
41832,0
41833,4
41834,6
41835,0
41836,0
41837,0
41838,5
41839,5
41840,1
41841,5
41842,1
41843,6
41844,6
41845,6
41846,0
41847,5
41848,6
41849,1
41850,5
41851,6
41852,5
41853,5
41854,5
41855,5
41856,0
41857,6
41858,5
41859,5
41860,5
41861,0
41862,5
41863,6
41864,5
41865,5
41866,1
41867,5
41868,0
41869,5
41870,6
41871,0
41872,6
41873,3
41874,2
41875,6
41876,2
41877,0
41878,5
41879,0
41880,0
41881,3
41882,1
41883,5
41884,2
41885,1
41886,2
41887,2
41888,4
41889,5
41890,2
41891,3
41892,4
41893,6
41894,5
41895,6
41896,1
41897,6
41898,5
41899,3
41900,1
41901,6
41902,5
41903,0
41904,3
41905,6
41906,6
41907,5
41908,1
41909,5
41910,5
41911,2
41912,5
41913,5
41914,3
41915,3
41916,6
41917,6
41918,6
41919,3
41920,6
41921,0
41922,0
41923,5
41924,0
41925,6
41926,0
41927,5
41928,0
41929,3
41930,3
41931,0
41932,5
41933,3
41934,0
41935,0
41936,5
41937,5
41938,1
41939,5
41940,4
41941,5
41942,2
41943,0
41944,0
41945,1
41946,2
41947,2
41948,2
41949,5
41950,5
41951,5
41952,0
41953,0
41954,5
41955,2
41956,5
41957,4
41958,6
41959,5
41960,5
41961,3
41962,2
41963,6
41964,1
41965,5
41966,0
41967,2
41968,3
41969,5
41970,0
41971,1
41972,1
41973,0
41974,5
41975,6
41976,6
41977,0
41978,3
41979,6
41980,2
41981,0
41982,1
41983,5
41984,1
41985,5
41986,5
41987,5
41988,3
41989,5
41990,1
41991,1
41992,2
41993,6
41994,0
41995,2
41996,3
41997,6
41998,2
41999,5
42000,5
42001,0
42002,0
42003,5
42004,6
42005,6
42006,4
42007,5
42008,6
42009,1
42010,5
42011,6
42012,5
42013,3
42014,0
42015,6
42016,1
42017,2
42018,2
42019,6
42020,3
42021,0
42022,5
42023,0
42024,4
42025,0
42026,5
42027,5
42028,0
42029,3
42030,0
42031,2
42032,5
42033,3
42034,1
42035,0
42036,0
42037,1
42038,0
42039,6
42040,1
42041,5
42042,5
42043,0
42044,1
42045,5
42046,0
42047,0
42048,6
42049,4
42050,3
42051,5
42052,0
42053,5
42054,4
42055,5
42056,6
42057,0
42058,6
42059,5
42060,5
42061,5
42062,0
42063,0
42064,0
42065,5
42066,0
42067,6
42068,5
42069,3
42070,1
42071,3
42072,3
42073,5
42074,0
42075,0
42076,0
42077,5
42078,3
42079,4
42080,1
42081,0
42082,1
42083,3
42084,5
42085,5
42086,5
42087,5
42088,2
42089,5
42090,0
42091,1
42092,6
42093,1
42094,3
42095,5
42096,3
42097,5
42098,3
42099,5
42100,4
42101,5
42102,5
42103,5
42104,5
42105,5
42106,5
42107,5
42108,5
42109,6
42110,5
42111,6
42112,2
42113,0
42114,1
42115,6
42116,2
42117,3
42118,2
42119,0
42120,6
42121,2
42122,0
42123,0
42124,1
42125,2
42126,1
42127,1
42128,5
42129,1
42130,3
42131,6
42132,5
42133,5
42134,5
42135,5
42136,0
42137,1
42138,6
42139,6
42140,1
42141,3
42142,5
42143,5
42144,6
42145,0
42146,5
42147,6
42148,3
42149,6
42150,5
42151,0
42152,3
42153,1
42154,5
42155,1
42156,3
42157,2
42158,3
42159,5
42160,1
42161,0
42162,0
42163,6
42164,6
42165,5
42166,6
42167,5
42168,5
42169,2
42170,5
42171,3
42172,3
42173,5
42174,3
42175,2
42176,0
42177,5
42178,3
42179,5
42180,2
42181,3
42182,5
42183,5
42184,5
42185,6
42186,5
42187,6
42188,3
42189,6
42190,1
42191,1
42192,1
42193,5
42194,0
42195,4
42196,5
42197,5
42198,6
42199,2
42200,5
42201,5
42202,6
42203,5
42204,1
42205,1
42206,0
42207,3
42208,3
42209,0
42210,0
42211,6
42212,1
42213,5
42214,0
42215,2
42216,1
42217,3
42218,1
42219,6
42220,2
42221,5
42222,4
42223,4
42224,6
42225,5
42226,6
42227,6
42228,0
42229,6
42230,5
42231,3
42232,0
42233,0
42234,2
42235,5
42236,6
42237,5
42238,2
42239,2
42240,1
42241,2
42242,6
42243,2
42244,6
42245,5
42246,5
42247,6
42248,5
42249,5
42250,0
42251,5
42252,4
42253,6
42254,1
42255,1
42256,4
42257,5
42258,4
42259,0
42260,2
42261,5
42262,5
42263,5
42264,6
42265,1
42266,0
42267,0
42268,2
42269,6
42270,5
42271,5
42272,1
42273,4
42274,4
42275,6
42276,3
42277,5
42278,2
42279,5
42280,0
42281,4
42282,6
42283,1
42284,6
42285,5
42286,0
42287,6
42288,5
42289,0
42290,5
42291,5
42292,6
42293,5
42294,3
42295,5
42296,0
42297,5
42298,5
42299,5
42300,6
42301,0
42302,5
42303,5
42304,1
42305,3
42306,6
42307,0
42308,5
42309,5
42310,1
42311,3
42312,6
42313,6
42314,0
42315,5
42316,3
42317,5
42318,5
42319,2
42320,5
42321,6
42322,5
42323,5
42324,1
42325,5
42326,6
42327,1
42328,3
42329,6
42330,0
42331,5
42332,4
42333,3
42334,5
42335,1
42336,5
42337,5
42338,6
42339,5
42340,6
42341,0
42342,5
42343,1
42344,5
42345,5
42346,2
42347,5
42348,3
42349,1
42350,5
42351,3
42352,5
42353,2
42354,4
42355,2
42356,5
42357,5
42358,0
42359,6
42360,6
42361,2
42362,6
42363,5
42364,6
42365,2
42366,5
42367,3
42368,3
42369,3
42370,1
42371,1
42372,6
42373,6
42374,0
42375,1
42376,0
42377,0
42378,1
42379,2
42380,2
42381,1
42382,5
42383,5
42384,4
42385,5
42386,0
42387,3
42388,6
42389,0
42390,6
42391,3
42392,5
42393,5
42394,5
42395,0
42396,1
42397,4
42398,1
42399,1
42400,1
42401,0
42402,5
42403,4
42404,3
42405,6
42406,3
42407,1
42408,1
42409,5
42410,1
42411,0
42412,1
42413,3
42414,3
42415,5
42416,6
42417,2
42418,6
42419,4
42420,1
42421,6
42422,0
42423,5
42424,0
42425,2
42426,6
42427,6
42428,0
42429,6
42430,6
42431,1
42432,6
42433,5
42434,0
42435,0
42436,5
42437,5
42438,1
42439,5
42440,3
42441,2
42442,0
42443,5
42444,1
42445,6
42446,1
42447,5
42448,4
42449,0
42450,5
42451,6
42452,4
42453,0
42454,5
42455,5
42456,1
42457,5
42458,0
42459,4
42460,6
42461,6
42462,0
42463,5
42464,3
42465,3
42466,5
42467,1
42468,3
42469,6
42470,5
42471,5
42472,4
42473,0
42474,5
42475,5
42476,0
42477,6
42478,5
42479,5
42480,0
42481,4
42482,5
42483,5
42484,6
42485,6
42486,2
42487,5
42488,5
42489,1
42490,6
42491,1
42492,4
42493,6
42494,5
42495,6
42496,4
42497,0
42498,6
42499,0
42500,3
42501,6
42502,3
42503,6
42504,0
42505,5
42506,6
42507,6
42508,5
42509,5
42510,5
42511,1
42512,1
42513,0
42514,6
42515,1
42516,6
42517,4
42518,0
42519,1
42520,5
42521,6
42522,5
42523,0
42524,2
42525,5
42526,0
42527,0
42528,4
42529,1
42530,0
42531,5
42532,1
42533,1
42534,2
42535,5
42536,2
42537,6
42538,5
42539,0
42540,0
42541,1
42542,2
42543,1
42544,5
42545,6
42546,5
42547,0
42548,5
42549,0
42550,5
42551,6
42552,5
42553,2
42554,2
42555,5
42556,6
42557,0
42558,1
42559,6
42560,5
42561,3
42562,1
42563,6
42564,5
42565,1
42566,5
42567,4
42568,5
42569,5
42570,1
42571,6
42572,3
42573,4
42574,1
42575,4
42576,4
42577,3
42578,0
42579,0
42580,6
42581,0
42582,6
42583,1
42584,1
42585,5
42586,0
42587,5
42588,5
42589,0
42590,6
42591,2
42592,6
42593,2
42594,6
42595,0
42596,1
42597,2
42598,0
42599,5
42600,5
42601,1
42602,6
42603,3
42604,6
42605,2
42606,6
42607,3
42608,2
42609,3
42610,5
42611,0
42612,6
42613,1
42614,2
42615,1
42616,2
42617,2
42618,5
42619,5
42620,3
42621,5
42622,6
42623,5
42624,3
42625,4
42626,1
42627,3
42628,5
42629,5
42630,3
42631,6
42632,5
42633,3
42634,6
42635,6
42636,0
42637,1
42638,2
42639,5
42640,5
42641,0
42642,0
42643,3
42644,5
42645,1
42646,6
42647,6
42648,0
42649,6
42650,0
42651,1
42652,0
42653,3
42654,5
42655,5
42656,3
42657,3
42658,1
42659,1
42660,5
42661,4
42662,5
42663,6
42664,0
42665,6
42666,0
42667,0
42668,1
42669,2
42670,6
42671,2
42672,2
42673,5
42674,1
42675,5
42676,5
42677,0
42678,1
42679,1
42680,6
42681,6
42682,0
42683,2
42684,2
42685,5
42686,2
42687,3
42688,5
42689,5
42690,5
42691,6
42692,4
42693,2
42694,5
42695,5
42696,5
42697,0
42698,2
42699,5
42700,2
42701,4
42702,6
42703,4
42704,1
42705,5
42706,5
42707,3
42708,1
42709,6
42710,5
42711,6
42712,2
42713,3
42714,6
42715,5
42716,5
42717,5
42718,5
42719,0
42720,2
42721,3
42722,2
42723,5
42724,3
42725,6
42726,0
42727,5
42728,0
42729,2
42730,6
42731,3
42732,3
42733,5
42734,0
42735,5
42736,5
42737,1
42738,2
42739,5
42740,6
42741,6
42742,6
42743,6
42744,6
42745,5
42746,3
42747,6
42748,0
42749,6
42750,5
42751,3
42752,2
42753,1
42754,5
42755,5
42756,5
42757,1
42758,3
42759,5
42760,5
42761,5
42762,0
42763,0
42764,5
42765,6
42766,6
42767,5
42768,1
42769,0
42770,0
42771,5
42772,5
42773,0
42774,5
42775,6
42776,6
42777,0
42778,6
42779,5
42780,6
42781,2
42782,5
42783,5
42784,0
42785,1
42786,5
42787,1
42788,1
42789,2
42790,3
42791,1
42792,6
42793,0
42794,0
42795,5
42796,6
42797,0
42798,4
42799,0
42800,6
42801,0
42802,6
42803,5
42804,2
42805,6
42806,4
42807,1
42808,1
42809,6
42810,0
42811,5
42812,6
42813,0
42814,0
42815,0
42816,3
42817,3
42818,3
42819,5
42820,0
42821,6
42822,6
42823,5
42824,6
42825,3
42826,3
42827,0
42828,6
42829,3
42830,1
42831,0
42832,6
42833,1
42834,5
42835,1
42836,3
42837,6
42838,1
42839,6
42840,2
42841,1
42842,5
42843,4
42844,4
42845,0
42846,5
42847,5
42848,5
42849,5
42850,4
42851,0
42852,4
42853,3
42854,0
42855,6
42856,1
42857,5
42858,1
42859,1
42860,6
42861,5
42862,0
42863,3
42864,5
42865,6
42866,5
42867,1
42868,5
42869,3
42870,5
42871,5
42872,2
42873,5
42874,5
42875,6
42876,5
42877,4
42878,2
42879,6
42880,6
42881,5
42882,1
42883,5
42884,6
42885,5
42886,0
42887,5
42888,6
42889,1
42890,1
42891,1
42892,0
42893,5
42894,5
42895,0
42896,1
42897,3
42898,6
42899,1
42900,0
42901,2
42902,5
42903,5
42904,0
42905,0
42906,5
42907,4
42908,4
42909,0
42910,3
42911,5
42912,6
42913,1
42914,5
42915,6
42916,5
42917,0
42918,3
42919,5
42920,6
42921,3
42922,0
42923,4
42924,6
42925,0
42926,3
42927,5
42928,0
42929,1
42930,0
42931,5
42932,5
42933,0
42934,3
42935,0
42936,5
42937,1
42938,6
42939,6
42940,3
42941,6
42942,6
42943,4
42944,6
42945,3
42946,5
42947,5
42948,4
42949,6
42950,5
42951,0
42952,1
42953,5
42954,5
42955,6
42956,5
42957,0
42958,3
42959,5
42960,5
42961,6
42962,6
42963,1
42964,5
42965,1
42966,5
42967,5
42968,5
42969,2
42970,5
42971,5
42972,5
42973,3
42974,4
42975,5
42976,3
42977,5
42978,3
42979,0
42980,6
42981,1
42982,2
42983,5
42984,5
42985,6
42986,2
42987,0
42988,5
42989,2
42990,1
42991,4
42992,4
42993,5
42994,6
42995,5
42996,5
42997,3
42998,6
42999,5
43000,2
43001,0
43002,5
43003,6
43004,0
43005,1
43006,6
43007,5
43008,6
43009,1
43010,5
43011,5
43012,5
43013,5
43014,0
43015,2
43016,0
43017,5
43018,4
43019,3
43020,3
43021,0
43022,0
43023,2
43024,0
43025,6
43026,1
43027,4
43028,5
43029,6
43030,1
43031,3
43032,0
43033,6
43034,0
43035,3
43036,3
43037,3
43038,0
43039,6
43040,0
43041,0
43042,5
43043,0
43044,5
43045,4
43046,5
43047,5
43048,4
43049,6
43050,5
43051,0
43052,5
43053,1
43054,6
43055,5
43056,6
43057,5
43058,1
43059,1
43060,5
43061,1
43062,0
43063,5
43064,6
43065,6
43066,5
43067,6
43068,2
43069,5
43070,0
43071,5
43072,4
43073,1
43074,6
43075,1
43076,0
43077,0
43078,0
43079,5
43080,6
43081,6
43082,3
43083,6
43084,6
43085,5
43086,6
43087,6
43088,0
43089,6
43090,1
43091,6
43092,1
43093,0
43094,3
43095,1
43096,5
43097,1
43098,5
43099,5
43100,3
43101,0
43102,5
43103,0
43104,5
43105,6
43106,5
43107,1
43108,2
43109,1
43110,2
43111,3
43112,6
43113,3
43114,3
43115,0
43116,5
43117,5
43118,5
43119,6
43120,1
43121,2
43122,5
43123,2
43124,1
43125,5
43126,2
43127,0
43128,1
43129,5
43130,4
43131,0
43132,3
43133,0
43134,6
43135,6
43136,5
43137,5
43138,5
43139,2
43140,6
43141,5
43142,6
43143,6
43144,4
43145,2
43146,1
43147,0
43148,0
43149,2
43150,1
43151,2
43152,5
43153,5
43154,3
43155,6
43156,5
43157,2
43158,1
43159,5
43160,5
43161,2
43162,6
43163,6
43164,3
43165,3
43166,5
43167,6
43168,3
43169,1
43170,1
43171,4
43172,5
43173,5
43174,6
43175,1
43176,0
43177,0
43178,5
43179,5
43180,3
43181,1
43182,5
43183,2
43184,6
43185,0
43186,5
43187,5
43188,4
43189,5
43190,5
43191,3
43192,5
43193,2
43194,2
43195,3
43196,4
43197,6
43198,6
43199,2
43200,0
43201,2
43202,0
43203,6
43204,0
43205,0
43206,5
43207,5
43208,5
43209,5
43210,5
43211,1
43212,5
43213,3
43214,3
43215,5
43216,6
43217,6
43218,5
43219,5
43220,5
43221,1
43222,5
43223,5
43224,5
43225,6
43226,6
43227,5
43228,0
43229,4
43230,5
43231,5
43232,2
43233,5
43234,6
43235,1
43236,2
43237,5
43238,5
43239,6
43240,2
43241,2
43242,5
43243,1
43244,5
43245,0
43246,3
43247,2
43248,5
43249,6
43250,0
43251,5
43252,6
43253,1
43254,0
43255,5
43256,5
43257,5
43258,1
43259,6
43260,5
43261,1
43262,5
43263,5
43264,6
43265,6
43266,5
43267,0
43268,0
43269,1
43270,3
43271,5
43272,6
43273,0
43274,6
43275,6
43276,2
43277,0
43278,0
43279,1
43280,6
43281,5
43282,3
43283,0
43284,0
43285,6
43286,1
43287,1
43288,4
43289,0
43290,3
43291,2
43292,3
43293,6
43294,6
43295,5
43296,5
43297,5
43298,5
43299,2
43300,5
43301,5
43302,1
43303,5
43304,5
43305,5
43306,5
43307,5
43308,6
43309,2
43310,0
43311,2
43312,5
43313,4
43314,2
43315,5
43316,5
43317,5
43318,5
43319,0
43320,0
43321,5
43322,1
43323,5
43324,2
43325,0
43326,6
43327,5
43328,6
43329,6
43330,5
43331,5
43332,5
43333,1
43334,0
43335,3
43336,1
43337,5
43338,3
43339,0
43340,5
43341,5
43342,0
43343,1
43344,1
43345,5
43346,6
43347,4
43348,5
43349,5
43350,2
43351,1
43352,5
43353,3
43354,1
43355,6
43356,1
43357,3
43358,2
43359,3
43360,6
43361,2
43362,0
43363,5
43364,5
43365,0
43366,1
43367,5
43368,3
43369,3
43370,6
43371,5
43372,1
43373,1
43374,5
43375,2
43376,6
43377,3
43378,5
43379,6
43380,5
43381,6
43382,6
43383,6
43384,1
43385,0
43386,6
43387,6
43388,6
43389,2
43390,0
43391,6
43392,6
43393,5
43394,6
43395,1
43396,6
43397,1
43398,0
43399,6
43400,0
43401,6
43402,6
43403,6
43404,6
43405,2
43406,5
43407,6
43408,6
43409,6
43410,1
43411,5
43412,6
43413,5
43414,5
43415,4
43416,1
43417,6
43418,5
43419,6
43420,1
43421,2
43422,6
43423,6
43424,5
43425,0
43426,6
43427,5
43428,6
43429,6
43430,4
43431,5
43432,6
43433,6
43434,6
43435,5
43436,5
43437,3
43438,6
43439,5
43440,1
43441,5
43442,2
43443,6
43444,2
43445,0
43446,5
43447,5
43448,5
43449,3
43450,3
43451,5
43452,2
43453,6
43454,2
43455,6
43456,3
43457,2
43458,0
43459,6
43460,6
43461,5
43462,1
43463,1
43464,0
43465,2
43466,5
43467,1
43468,0
43469,2
43470,5
43471,5
43472,6
43473,5
43474,4
43475,5
43476,6
43477,5
43478,5
43479,1
43480,1
43481,6
43482,5
43483,0
43484,5
43485,0
43486,0
43487,5
43488,5
43489,0
43490,0
43491,5
43492,2
43493,6
43494,0
43495,6
43496,5
43497,2
43498,0
43499,5
43500,6
43501,5
43502,1
43503,2
43504,6
43505,1
43506,1
43507,6
43508,0
43509,5
43510,5
43511,5
43512,5
43513,6
43514,0
43515,4
43516,5
43517,2
43518,6
43519,4
43520,5
43521,3
43522,5
43523,5
43524,2
43525,6
43526,4
43527,5
43528,2
43529,5
43530,1
43531,3
43532,5
43533,6
43534,6
43535,6
43536,0
43537,3
43538,6
43539,0
43540,6
43541,6
43542,6
43543,5
43544,5
43545,6
43546,6
43547,5
43548,0
43549,5
43550,2
43551,2
43552,5
43553,6
43554,6
43555,5
43556,6
43557,1
43558,1
43559,3
43560,0
43561,0
43562,5
43563,1
43564,5
43565,0
43566,5
43567,2
43568,1
43569,0
43570,6
43571,5
43572,5
43573,6
43574,3
43575,3
43576,3
43577,5
43578,5
43579,5
43580,1
43581,6
43582,3
43583,6
43584,1
43585,6
43586,5
43587,5
43588,5
43589,5
43590,2
43591,0
43592,0
43593,5
43594,6
43595,0
43596,3
43597,0
43598,3
43599,5
43600,5
43601,4
43602,0
43603,6
43604,6
43605,0
43606,0
43607,2
43608,6
43609,1
43610,4
43611,3
43612,5
43613,5
43614,6
43615,0
43616,4
43617,5
43618,4
43619,0
43620,3
43621,6
43622,5
43623,6
43624,0
43625,6
43626,2
43627,6
43628,1
43629,0
43630,0
43631,5
43632,5
43633,2
43634,4
43635,6
43636,5
43637,6
43638,0
43639,2
43640,5
43641,3
43642,2
43643,0
43644,2
43645,6
43646,0
43647,0
43648,6
43649,2
43650,4
43651,2
43652,5
43653,2
43654,5
43655,0
43656,5
43657,2
43658,1
43659,5
43660,5
43661,2
43662,4
43663,6
43664,1
43665,4
43666,5
43667,1
43668,0
43669,3
43670,2
43671,5
43672,5
43673,6
43674,0
43675,3
43676,6
43677,5
43678,0
43679,0
43680,6
43681,6
43682,0
43683,6
43684,0
43685,2
43686,5
43687,6
43688,4
43689,5
43690,0
43691,3
43692,1
43693,5
43694,5
43695,6
43696,6
43697,5
43698,5
43699,3
43700,5
43701,2
43702,1
43703,6
43704,5
43705,5
43706,6
43707,0
43708,1
43709,5
43710,5
43711,3
43712,0
43713,6
43714,2
43715,3
43716,5
43717,6
43718,6
43719,3
43720,6
43721,3
43722,5
43723,5
43724,3
43725,2
43726,2
43727,5
43728,0
43729,6
43730,0
43731,0
43732,6
43733,5
43734,0
43735,5
43736,6
43737,5
43738,6
43739,1
43740,1
43741,0
43742,0
43743,5
43744,5
43745,1
43746,3
43747,6
43748,5
43749,3
43750,5
43751,5
43752,4
43753,5
43754,1
43755,3
43756,0
43757,6
43758,6
43759,0
43760,0
43761,3
43762,3
43763,6
43764,5
43765,6
43766,5
43767,3
43768,5
43769,0
43770,5
43771,3
43772,6
43773,3
43774,6
43775,5
43776,2
43777,5
43778,6
43779,5
43780,1
43781,5
43782,1
43783,4
43784,5
43785,6
43786,5
43787,3
43788,4
43789,0
43790,0
43791,5
43792,5
43793,6
43794,5
43795,1
43796,2
43797,6
43798,1
43799,5
43800,1
43801,1
43802,6
43803,3
43804,5
43805,6
43806,2
43807,3
43808,0
43809,5
43810,1
43811,2
43812,0
43813,2
43814,1
43815,5
43816,6
43817,1
43818,5
43819,2
43820,5
43821,6
43822,5
43823,6
43824,1
43825,5
43826,5
43827,0
43828,1
43829,5
43830,4
43831,2
43832,0
43833,2
43834,5
43835,2
43836,1
43837,0
43838,0
43839,5
43840,6
43841,5
43842,1
43843,5
43844,0
43845,1
43846,5
43847,5
43848,6
43849,6
43850,3
43851,5
43852,1
43853,6
43854,3
43855,6
43856,5
43857,1
43858,5
43859,0
43860,4
43861,1
43862,6
43863,5
43864,4
43865,0
43866,1
43867,4
43868,4
43869,5
43870,2
43871,2
43872,3
43873,0
43874,5
43875,5
43876,5
43877,5
43878,1
43879,1
43880,5
43881,1
43882,0
43883,5
43884,5
43885,5
43886,0
43887,6
43888,5
43889,1
43890,6
43891,4
43892,2
43893,6
43894,5
43895,2
43896,5
43897,1
43898,0
43899,0
43900,5
43901,5
43902,5
43903,1
43904,0
43905,0
43906,0
43907,0
43908,2
43909,0
43910,5
43911,6
43912,5
43913,3
43914,5
43915,0
43916,6
43917,3
43918,3
43919,0
43920,1
43921,4
43922,5
43923,0
43924,3
43925,2
43926,6
43927,5
43928,1
43929,2
43930,0
43931,1
43932,5
43933,4
43934,4
43935,6
43936,6
43937,4
43938,2
43939,0
43940,6
43941,0
43942,6
43943,5
43944,5
43945,5
43946,2
43947,4
43948,3
43949,6
43950,5
43951,3
43952,6
43953,1
43954,5
43955,6
43956,0
43957,6
43958,0
43959,2
43960,6
43961,5
43962,5
43963,2
43964,3
43965,4
43966,5
43967,6
43968,2
43969,2
43970,0
43971,5
43972,6
43973,1
43974,5
43975,0
43976,5
43977,3
43978,6
43979,5
43980,1
43981,0
43982,5
43983,5
43984,4
43985,5
43986,5
43987,1
43988,5
43989,0
43990,6
43991,5
43992,5
43993,1
43994,0
43995,6
43996,1
43997,5
43998,5
43999,5
44000,4
44001,5
44002,3
44003,2
44004,6
44005,5
44006,6
44007,5
44008,6
44009,6
44010,2
44011,5
44012,0
44013,5
44014,6
44015,6
44016,0
44017,3
44018,6
44019,5
44020,5
44021,3
44022,1
44023,5
44024,5
44025,1
44026,3
44027,6
44028,0
44029,5
44030,6
44031,5
44032,5
44033,0
44034,1
44035,6
44036,0
44037,6
44038,5
44039,6
44040,0
44041,2
44042,0
44043,6
44044,1
44045,0
44046,1
44047,2
44048,6
44049,1
44050,1
44051,0
44052,1
44053,0
44054,5
44055,0
44056,0
44057,5
44058,5
44059,1
44060,5
44061,0
44062,1
44063,6
44064,5
44065,5
44066,1
44067,3
44068,5
44069,2
44070,5
44071,5
44072,2
44073,0
44074,2
44075,6
44076,5
44077,6
44078,3
44079,6
44080,0
44081,5
44082,6
44083,5
44084,5
44085,6
44086,6
44087,2
44088,0
44089,3
44090,1
44091,0
44092,6
44093,0
44094,3
44095,2
44096,0
44097,6
44098,2
44099,1
44100,1
44101,4
44102,6
44103,6
44104,1
44105,5
44106,0
44107,4
44108,6
44109,6
44110,0
44111,5
44112,1
44113,3
44114,3
44115,3
44116,2
44117,2
44118,5
44119,4
44120,6
44121,0
44122,5
44123,5
44124,5
44125,3
44126,0
44127,0
44128,5
44129,1
44130,1
44131,1
44132,1
44133,0
44134,3
44135,5
44136,5
44137,5
44138,2
44139,0
44140,1
44141,5
44142,0
44143,4
44144,6
44145,5
44146,1
44147,0
44148,5
44149,0
44150,3
44151,0
44152,0
44153,5
44154,3
44155,0
44156,0
44157,5
44158,2
44159,5
44160,5
44161,5
44162,6
44163,3
44164,5
44165,0
44166,0
44167,0
44168,1
44169,0
44170,5
44171,1
44172,5
44173,5
44174,1
44175,6
44176,1
44177,1
44178,6
44179,5
44180,5
44181,5
44182,0
44183,1
44184,3
44185,5
44186,0
44187,0
44188,5
44189,4
44190,1
44191,0
44192,0
44193,0
44194,5
44195,1
44196,3
44197,1
44198,6
44199,6
44200,1
44201,5
44202,5
44203,5
44204,1
44205,6
44206,0
44207,6
44208,1
44209,0
44210,1
44211,5
44212,5
44213,5
44214,1
44215,0
44216,6
44217,0
44218,5
44219,0
44220,0
44221,3
44222,4
44223,5
44224,1
44225,2
44226,5
44227,1
44228,5
44229,6
44230,2
44231,5
44232,6
44233,4
44234,5
44235,0
44236,3
44237,0
44238,5
44239,0
44240,0
44241,3
44242,4
44243,1
44244,2
44245,0
44246,6
44247,5
44248,3
44249,5
44250,5
44251,2
44252,0
44253,5
44254,5
44255,5
44256,4
44257,0
44258,5
44259,4
44260,0
44261,6
44262,1
44263,5
44264,1
44265,3
44266,6
44267,5
44268,6
44269,4
44270,5
44271,1
44272,5
44273,5
44274,6
44275,6
44276,5
44277,1
44278,5
44279,1
44280,0
44281,5
44282,3
44283,6
44284,2
44285,1
44286,1
44287,5
44288,5
44289,6
44290,6
44291,3
44292,6
44293,3
44294,1
44295,0
44296,5
44297,5
44298,6
44299,6
44300,5
44301,3
44302,1
44303,0
44304,6
44305,3
44306,2
44307,2
44308,6
44309,2
44310,1
44311,2
44312,2
44313,3
44314,5
44315,5
44316,1
44317,3
44318,2
44319,5
44320,5
44321,5
44322,5
44323,5
44324,5
44325,5
44326,0
44327,5
44328,5
44329,2
44330,5
44331,3
44332,5
44333,1
44334,2
44335,0
44336,1
44337,0
44338,5
44339,3
44340,5
44341,2
44342,5
44343,5
44344,1
44345,2
44346,4
44347,1
44348,0
44349,5
44350,0
44351,1
44352,1
44353,5
44354,5
44355,6
44356,5
44357,6
44358,4
44359,2
44360,6
44361,2
44362,2
44363,4
44364,0
44365,3
44366,5
44367,1
44368,0
44369,6
44370,1
44371,6
44372,5
44373,2
44374,6
44375,6
44376,4
44377,6
44378,0
44379,5
44380,5
44381,5
44382,0
44383,0
44384,3
44385,6
44386,6
44387,2
44388,5
44389,0
44390,5
44391,0
44392,6
44393,0
44394,0
44395,5
44396,3
44397,5
44398,5
44399,4
44400,6
44401,6
44402,1
44403,1
44404,0
44405,3
44406,6
44407,6
44408,5
44409,2
44410,2
44411,2
44412,6
44413,0
44414,3
44415,3
44416,5
44417,3
44418,5
44419,1
44420,6
44421,0
44422,6
44423,6
44424,6
44425,5
44426,1
44427,6
44428,0
44429,4
44430,4
44431,5
44432,0
44433,5
44434,5
44435,5
44436,5
44437,1
44438,3
44439,5
44440,5
44441,6
44442,3
44443,3
44444,1
44445,0
44446,2
44447,2
44448,3
44449,5
44450,5
44451,5
44452,5
44453,1
44454,1
44455,6
44456,5
44457,6
44458,5
44459,5
44460,1
44461,2
44462,0
44463,5
44464,1
44465,6
44466,0
44467,3
44468,1
44469,5
44470,5
44471,6
44472,5
44473,5
44474,5
44475,6
44476,5
44477,1
44478,1
44479,3
44480,5
44481,5
44482,6
44483,5
44484,5
44485,5
44486,6
44487,5
44488,5
44489,0
44490,0
44491,6
44492,2
44493,6
44494,0
44495,6
44496,1
44497,0
44498,2
44499,0
44500,6
44501,5
44502,5
44503,1
44504,0
44505,5
44506,1
44507,1
44508,0
44509,5
44510,5
44511,3
44512,5
44513,5
44514,5
44515,0
44516,5
44517,6
44518,6
44519,5
44520,2
44521,1
44522,6
44523,5
44524,6
44525,4
44526,0
44527,3
44528,1
44529,6
44530,3
44531,5
44532,1
44533,5
44534,5
44535,3
44536,6
44537,1
44538,5
44539,1
44540,5
44541,5
44542,3
44543,5
44544,1
44545,6
44546,5
44547,0
44548,2
44549,3
44550,6
44551,5
44552,3
44553,5
44554,5
44555,5
44556,5
44557,5
44558,5
44559,5
44560,0
44561,4
44562,1
44563,0
44564,5
44565,3
44566,5
44567,3
44568,3
44569,4
44570,4
44571,0
44572,0
44573,0
44574,1
44575,5
44576,0
44577,5
44578,5
44579,3
44580,5
44581,1
44582,5
44583,2
44584,3
44585,1
44586,6
44587,5
44588,5
44589,0
44590,3
44591,2
44592,6
44593,6
44594,0
44595,3
44596,0
44597,5
44598,1
44599,6
44600,2
44601,3
44602,1
44603,0
44604,4
44605,0
44606,1
44607,5
44608,5
44609,6
44610,1
44611,5
44612,5
44613,1
44614,1
44615,5
44616,6
44617,0
44618,6
44619,0
44620,2
44621,5
44622,6
44623,3
44624,2
44625,0
44626,6
44627,5
44628,6
44629,0
44630,5
44631,1
44632,3
44633,6
44634,6
44635,0
44636,3
44637,6
44638,5
44639,2
44640,5
44641,5
44642,1
44643,3
44644,5
44645,0
44646,6
44647,0
44648,5
44649,6
44650,2
44651,6
44652,2
44653,5
44654,2
44655,5
44656,5
44657,0
44658,1
44659,5
44660,5
44661,6
44662,5
44663,2
44664,0
44665,1
44666,5
44667,6
44668,1
44669,2
44670,1
44671,2
44672,6
44673,5
44674,2
44675,5
44676,2
44677,1
44678,0
44679,2
44680,6
44681,5
44682,2
44683,0
44684,5
44685,6
44686,5
44687,1
44688,0
44689,6
44690,1
44691,1
44692,4
44693,0
44694,3
44695,0
44696,6
44697,3
44698,6
44699,5
44700,0
44701,1
44702,3
44703,4
44704,5
44705,5
44706,1
44707,2
44708,1
44709,5
44710,1
44711,1
44712,5
44713,2
44714,3
44715,3
44716,1
44717,3
44718,5
44719,2
44720,0
44721,6
44722,5
44723,4
44724,1
44725,6
44726,1
44727,6
44728,1
44729,5
44730,5
44731,6
44732,2
44733,1
44734,1
44735,1
44736,5
44737,5
44738,1
44739,5
44740,1
44741,1
44742,1
44743,6
44744,6
44745,1
44746,0
44747,5
44748,0
44749,5
44750,1
44751,2
44752,0
44753,5
44754,4
44755,5
44756,5
44757,5
44758,5
44759,3
44760,3
44761,5
44762,1
44763,3
44764,5
44765,3
44766,4
44767,5
44768,2
44769,1
44770,2
44771,3
44772,0
44773,5
44774,5
44775,6
44776,0
44777,6
44778,3
44779,1
44780,3
44781,0
44782,0
44783,0
44784,0
44785,2
44786,0
44787,6
44788,0
44789,1
44790,3
44791,5
44792,6
44793,1
44794,0
44795,3
44796,1
44797,5
44798,1
44799,6
44800,6
44801,1
44802,5
44803,5
44804,1
44805,3
44806,5
44807,2
44808,5
44809,0
44810,0
44811,5
44812,5
44813,1
44814,1
44815,0
44816,0
44817,6
44818,1
44819,0
44820,5
44821,6
44822,5
44823,3
44824,2
44825,5
44826,5
44827,6
44828,6
44829,5
44830,5
44831,1
44832,0
44833,6
44834,3
44835,3
44836,3
44837,0
44838,6
44839,0
44840,0
44841,5
44842,1
44843,5
44844,2
44845,0
44846,5
44847,6
44848,1
44849,5
44850,1
44851,0
44852,6
44853,1
44854,0
44855,1
44856,2
44857,5
44858,2
44859,3
44860,6
44861,5
44862,5
44863,5
44864,5
44865,0
44866,6
44867,2
44868,2
44869,0
44870,6
44871,3
44872,2
44873,4
44874,5
44875,1
44876,0
44877,5
44878,4
44879,1
44880,1
44881,5
44882,5
44883,2
44884,3
44885,0
44886,3
44887,5
44888,2
44889,1
44890,5
44891,0
44892,5
44893,5
44894,5
44895,2
44896,1
44897,5
44898,4
44899,0
44900,2
44901,0
44902,5
44903,1
44904,5
44905,5
44906,6
44907,2
44908,6
44909,0
44910,5
44911,5
44912,1
44913,2
44914,1
44915,6
44916,0
44917,4
44918,0
44919,1
44920,0
44921,2
44922,0
44923,1
44924,5
44925,1
44926,5
44927,0
44928,2
44929,5
44930,3
44931,1
44932,6
44933,1
44934,1
44935,6
44936,5
44937,5
44938,1
44939,1
44940,3
44941,2
44942,0
44943,5
44944,1
44945,0
44946,0
44947,2
44948,5
44949,5
44950,6
44951,0
44952,5
44953,5
44954,3
44955,1
44956,5
44957,5
44958,1
44959,2
44960,6
44961,5
44962,0
44963,5
44964,5
44965,5
44966,1
44967,3
44968,1
44969,2
44970,3
44971,5
44972,5
44973,2
44974,0
44975,5
44976,6
44977,4
44978,1
44979,2
44980,5
44981,3
44982,3
44983,1
44984,5
44985,6
44986,6
44987,5
44988,5
44989,5
44990,6
44991,5
44992,2
44993,0
44994,1
44995,1
44996,0
44997,0
44998,2
44999,1
45000,3
45001,0
45002,2
45003,3
45004,2
45005,0
45006,5
45007,0
45008,5
45009,5
45010,2
45011,6
45012,0
45013,2
45014,5
45015,5
45016,0
45017,5
45018,4
45019,5
45020,5
45021,3
45022,3
45023,5
45024,2
45025,5
45026,5
45027,4
45028,0
45029,1
45030,5
45031,4
45032,6
45033,5
45034,2
45035,6
45036,5
45037,5
45038,1
45039,0
45040,6
45041,0
45042,5
45043,2
45044,0
45045,6
45046,1
45047,5
45048,5
45049,0
45050,2
45051,1
45052,1
45053,0
45054,5
45055,0
45056,3
45057,5
45058,3
45059,5
45060,3
45061,3
45062,5
45063,6
45064,5
45065,1
45066,1
45067,5
45068,5
45069,2
45070,2
45071,5
45072,5
45073,6
45074,0
45075,5
45076,0
45077,5
45078,0
45079,0
45080,0
45081,1
45082,4
45083,0
45084,1
45085,6
45086,5
45087,0
45088,5
45089,2
45090,3
45091,5
45092,6
45093,0
45094,2
45095,3
45096,0
45097,6
45098,5
45099,5
45100,5
45101,6
45102,5
45103,5
45104,0
45105,6
45106,0
45107,2
45108,2
45109,0
45110,5
45111,6
45112,0
45113,5
45114,2
45115,4
45116,5
45117,4
45118,0
45119,1
45120,0
45121,6
45122,6
45123,0
45124,1
45125,1
45126,3
45127,5
45128,1
45129,6
45130,2
45131,6
45132,5
45133,0
45134,5
45135,2
45136,5
45137,5
45138,0
45139,6
45140,5
45141,5
45142,0
45143,5
45144,6
45145,6
45146,2
45147,2
45148,5
45149,1
45150,1
45151,6
45152,0
45153,3
45154,1
45155,0
45156,5
45157,5
45158,6
45159,3
45160,4
45161,2
45162,3
45163,6
45164,3
45165,2
45166,1
45167,5
45168,1
45169,6
45170,6
45171,5
45172,5
45173,4
45174,5
45175,6
45176,5
45177,5
45178,3
45179,3
45180,0
45181,0
45182,0
45183,5
45184,0
45185,5
45186,6
45187,2
45188,3
45189,0
45190,1
45191,5
45192,2
45193,5
45194,0
45195,3
45196,5
45197,6
45198,1
45199,5
45200,0
45201,5
45202,1
45203,5
45204,1
45205,0
45206,5
45207,5
45208,5
45209,6
45210,1
45211,5
45212,1
45213,6
45214,4
45215,0
45216,5
45217,0
45218,0
45219,6
45220,5
45221,5
45222,2
45223,6
45224,2
45225,5
45226,0
45227,2
45228,5
45229,6
45230,1
45231,5
45232,5
45233,5
45234,0
45235,5
45236,5
45237,5
45238,0
45239,5
45240,6
45241,5
45242,5
45243,5
45244,1
45245,2
45246,1
45247,6
45248,4
45249,1
45250,1
45251,0
45252,6
45253,0
45254,5
45255,2
45256,2
45257,0
45258,1
45259,1
45260,5
45261,5
45262,3
45263,0
45264,5
45265,5
45266,0
45267,1
45268,0
45269,3
45270,0
45271,5
45272,6
45273,4
45274,0
45275,6
45276,5
45277,4
45278,5
45279,3
45280,5
45281,1
45282,1
45283,1
45284,5
45285,6
45286,1
45287,2
45288,6
45289,5
45290,6
45291,5
45292,3
45293,0
45294,2
45295,0
45296,5
45297,6
45298,5
45299,1
45300,1
45301,3
45302,1
45303,5
45304,5
45305,0
45306,3
45307,1
45308,3
45309,1
45310,5
45311,5
45312,2
45313,5
45314,4
45315,0
45316,5
45317,1
45318,5
45319,2
45320,5
45321,4
45322,5
45323,6
45324,2
45325,5
45326,3
45327,5
45328,3
45329,5
45330,5
45331,3
45332,6
45333,0
45334,0
45335,0
45336,1
45337,5
45338,6
45339,1
45340,2
45341,3
45342,1
45343,5
45344,3
45345,4
45346,1
45347,5
45348,5
45349,6
45350,0
45351,0
45352,6
45353,2
45354,5
45355,5
45356,5
45357,1
45358,1
45359,6
45360,5
45361,6
45362,2
45363,6
45364,0
45365,5
45366,0
45367,5
45368,5
45369,5
45370,2
45371,6
45372,5
45373,5
45374,4
45375,5
45376,6
45377,6
45378,6
45379,6
45380,1
45381,5
45382,3
45383,2
45384,3
45385,2
45386,5
45387,6
45388,1
45389,5
45390,5
45391,5
45392,1
45393,1
45394,5
45395,3
45396,2
45397,2
45398,2
45399,1
45400,5
45401,4
45402,5
45403,1
45404,0
45405,2
45406,5
45407,5
45408,1
45409,2
45410,5
45411,5
45412,2
45413,6
45414,3
45415,5
45416,1
45417,5
45418,1
45419,6
45420,5
45421,5
45422,6
45423,5
45424,5
45425,2
45426,3
45427,5
45428,5
45429,2
45430,6
45431,0
45432,2
45433,6
45434,5
45435,2
45436,2
45437,5
45438,5
45439,1
45440,1
45441,2
45442,5
45443,5
45444,6
45445,5
45446,1
45447,2
45448,0
45449,1
45450,3
45451,6
45452,5
45453,5
45454,5
45455,6
45456,5
45457,6
45458,6
45459,0
45460,6
45461,6
45462,3
45463,0
45464,0
45465,0
45466,1
45467,2
45468,6
45469,0
45470,5
45471,1
45472,3
45473,5
45474,0
45475,6
45476,1
45477,5
45478,1
45479,1
45480,1
45481,2
45482,3
45483,5
45484,3
45485,0
45486,6
45487,2
45488,6
45489,3
45490,0
45491,5
45492,6
45493,6
45494,1
45495,1
45496,2
45497,3
45498,0
45499,3
45500,5
45501,5
45502,5
45503,0
45504,5
45505,3
45506,2
45507,5
45508,5
45509,1
45510,3
45511,0
45512,5
45513,5
45514,5
45515,3
45516,2
45517,3
45518,2
45519,5
45520,4
45521,5
45522,5
45523,6
45524,0
45525,5
45526,0
45527,5
45528,5
45529,0
45530,3
45531,5
45532,5
45533,5
45534,5
45535,2
45536,5
45537,5
45538,0
45539,5
45540,5
45541,0
45542,6
45543,5
45544,1
45545,5
45546,5
45547,5
45548,2
45549,5
45550,4
45551,2
45552,5
45553,6
45554,5
45555,2
45556,6
45557,5
45558,5
45559,4
45560,0
45561,6
45562,5
45563,0
45564,5
45565,0
45566,5
45567,2
45568,5
45569,0
45570,0
45571,1
45572,5
45573,6
45574,0
45575,0
45576,5
45577,5
45578,5
45579,5
45580,3
45581,6
45582,5
45583,5
45584,3
45585,2
45586,6
45587,2
45588,0
45589,0
45590,3
45591,1
45592,6
45593,2
45594,6
45595,0
45596,5
45597,2
45598,2
45599,2
45600,1
45601,1
45602,6
45603,6
45604,0
45605,2
45606,1
45607,0
45608,6
45609,5
45610,0
45611,1
45612,6
45613,3
45614,4
45615,2
45616,0
45617,5
45618,6
45619,3
45620,5
45621,1
45622,0
45623,5
45624,1
45625,5
45626,1
45627,5
45628,3
45629,5
45630,0
45631,5
45632,5
45633,4
45634,5
45635,5
45636,0
45637,5
45638,5
45639,5
45640,5
45641,0
45642,2
45643,1
45644,5
45645,0
45646,1
45647,5
45648,5
45649,1
45650,1
45651,0
45652,2
45653,4
45654,4
45655,6
45656,2
45657,5
45658,0
45659,6
45660,5
45661,6
45662,5
45663,1
45664,1
45665,5
45666,5
45667,5
45668,3
45669,5
45670,5
45671,5
45672,6
45673,6
45674,1
45675,5
45676,0
45677,2
45678,3
45679,6
45680,0
45681,0
45682,4
45683,4
45684,5
45685,5
45686,5
45687,3
45688,5
45689,0
45690,6
45691,0
45692,2
45693,0
45694,3
45695,5
45696,2
45697,0
45698,5
45699,1
45700,0
45701,2
45702,5
45703,4
45704,1
45705,3
45706,5
45707,2
45708,5
45709,0
45710,5
45711,6
45712,0
45713,0
45714,1
45715,6
45716,5
45717,3
45718,6
45719,1
45720,1
45721,6
45722,5
45723,2
45724,5
45725,1
45726,1
45727,1
45728,5
45729,6
45730,6
45731,3
45732,2
45733,0
45734,6
45735,0
45736,2
45737,0
45738,5
45739,6
45740,6
45741,2
45742,1
45743,2
45744,5
45745,6
45746,5
45747,6
45748,0
45749,2
45750,6
45751,6
45752,5
45753,5
45754,0
45755,3
45756,2
45757,5
45758,5
45759,0
45760,0
45761,6
45762,2
45763,0
45764,1
45765,0
45766,5
45767,6
45768,1
45769,0
45770,5
45771,3
45772,6
45773,5
45774,0
45775,5
45776,0
45777,5
45778,5
45779,5
45780,5
45781,3
45782,5
45783,5
45784,5
45785,2
45786,6
45787,0
45788,1
45789,5
45790,1
45791,4
45792,3
45793,2
45794,3
45795,1
45796,5
45797,1
45798,5
45799,6
45800,5
45801,2
45802,2
45803,6
45804,3
45805,1
45806,5
45807,5
45808,0
45809,5
45810,0
45811,4
45812,2
45813,4
45814,0
45815,5
45816,0
45817,4
45818,5
45819,5
45820,1
45821,2
45822,2
45823,6
45824,2
45825,5
45826,5
45827,5
45828,4
45829,3
45830,5
45831,0
45832,6
45833,0
45834,6
45835,3
45836,1
45837,0
45838,6
45839,5
45840,0
45841,0
45842,1
45843,6
45844,5
45845,2
45846,5
45847,1
45848,1
45849,3
45850,5
45851,0
45852,3
45853,5
45854,6
45855,3
45856,6
45857,2
45858,5
45859,3
45860,1
45861,1
45862,5
45863,4
45864,1
45865,5
45866,6
45867,0
45868,3
45869,3
45870,5
45871,6
45872,1
45873,0
45874,5
45875,5
45876,6
45877,6
45878,3
45879,0
45880,2
45881,0
45882,1
45883,5
45884,3
45885,5
45886,3
45887,6
45888,6
45889,5
45890,1
45891,6
45892,5
45893,1
45894,6
45895,2
45896,6
45897,6
45898,0
45899,5
45900,5
45901,5
45902,6
45903,5
45904,0
45905,6
45906,1
45907,0
45908,0
45909,4
45910,3
45911,2
45912,2
45913,5
45914,1
45915,1
45916,5
45917,5
45918,0
45919,1
45920,5
45921,0
45922,0
45923,6
45924,1
45925,3
45926,0
45927,3
45928,2
45929,5
45930,0
45931,5
45932,1
45933,5
45934,2
45935,6
45936,0
45937,3
45938,1
45939,1
45940,5
45941,1
45942,0
45943,6
45944,0
45945,0
45946,0
45947,0
45948,5
45949,3
45950,3
45951,1
45952,3
45953,5
45954,6
45955,3
45956,1
45957,0
45958,3
45959,5
45960,0
45961,6
45962,3
45963,5
45964,0
45965,1
45966,6
45967,3
45968,2
45969,2
45970,2
45971,5
45972,2
45973,0
45974,5
45975,3
45976,2
45977,1
45978,5
45979,6
45980,0
45981,3
45982,5
45983,5
45984,0
45985,1
45986,5
45987,0
45988,6
45989,0
45990,1
45991,1
45992,2
45993,2
45994,2
45995,3
45996,5
45997,1
45998,2
45999,6
46000,5
46001,6
46002,5
46003,3
46004,1
46005,4
46006,0
46007,5
46008,1
46009,0
46010,0
46011,4
46012,5
46013,0
46014,3
46015,3
46016,5
46017,1
46018,2
46019,4
46020,5
46021,6
46022,5
46023,5
46024,3
46025,0
46026,5
46027,5
46028,3
46029,0
46030,5
46031,3
46032,1
46033,0
46034,0
46035,5
46036,5
46037,6
46038,6
46039,5
46040,3
46041,2
46042,5
46043,2
46044,5
46045,1
46046,3
46047,0
46048,5
46049,3
46050,5
46051,5
46052,1
46053,0
46054,5
46055,3
46056,5
46057,1
46058,6
46059,5
46060,0
46061,0
46062,0
46063,0
46064,5
46065,1
46066,0
46067,4
46068,5
46069,1
46070,6
46071,5
46072,3
46073,6
46074,6
46075,0
46076,5
46077,1
46078,6
46079,1
46080,3
46081,5
46082,5
46083,5
46084,1
46085,5
46086,1
46087,6
46088,3
46089,0
46090,5
46091,0
46092,0
46093,1
46094,0
46095,5
46096,3
46097,5
46098,2
46099,3
46100,5
46101,0
46102,5
46103,0
46104,1
46105,6
46106,0
46107,6
46108,3
46109,6
46110,3
46111,0
46112,1
46113,6
46114,5
46115,5
46116,6
46117,6
46118,5
46119,1
46120,6
46121,2
46122,6
46123,1
46124,1
46125,1
46126,3
46127,3
46128,4
46129,2
46130,3
46131,5
46132,1
46133,5
46134,5
46135,1
46136,6
46137,5
46138,6
46139,1
46140,6
46141,5
46142,1
46143,1
46144,2
46145,2
46146,2
46147,0
46148,1
46149,6
46150,5
46151,5
46152,1
46153,5
46154,6
46155,3
46156,1
46157,0
46158,0
46159,6
46160,6
46161,3
46162,0
46163,0
46164,3
46165,1
46166,0
46167,4
46168,6
46169,6
46170,5
46171,6
46172,5
46173,6
46174,2
46175,2
46176,3
46177,4
46178,0
46179,2
46180,3
46181,5
46182,6
46183,0
46184,0
46185,1
46186,3
46187,1
46188,0
46189,5
46190,0
46191,3
46192,1
46193,6
46194,3
46195,6
46196,2
46197,0
46198,2
46199,5
46200,4
46201,3
46202,0
46203,0
46204,5
46205,5
46206,5
46207,3
46208,0
46209,5
46210,0
46211,6
46212,1
46213,0
46214,1
46215,5
46216,1
46217,3
46218,1
46219,0
46220,0
46221,6
46222,2
46223,5
46224,0
46225,0
46226,0
46227,0
46228,6
46229,5
46230,5
46231,2
46232,5
46233,2
46234,6
46235,5
46236,2
46237,0
46238,5
46239,2
46240,0
46241,5
46242,5
46243,1
46244,1
46245,6
46246,6
46247,6
46248,5
46249,5
46250,0
46251,2
46252,4
46253,6
46254,6
46255,6
46256,4
46257,5
46258,3
46259,5
46260,1
46261,1
46262,1
46263,3
46264,1
46265,1
46266,6
46267,6
46268,0
46269,2
46270,1
46271,5
46272,5
46273,5
46274,5
46275,1
46276,5
46277,1
46278,3
46279,6
46280,0
46281,6
46282,0
46283,5
46284,5
46285,5
46286,3
46287,0
46288,2
46289,0
46290,5
46291,1
46292,6
46293,0
46294,6
46295,6
46296,5
46297,5
46298,3
46299,6
46300,0
46301,5
46302,4
46303,4
46304,5
46305,6
46306,3
46307,5
46308,2
46309,5
46310,3
46311,6
46312,5
46313,0
46314,0
46315,5
46316,6
46317,5
46318,0
46319,0
46320,4
46321,0
46322,5
46323,4
46324,1
46325,2
46326,1
46327,2
46328,1
46329,1
46330,1
46331,3
46332,3
46333,0
46334,0
46335,5
46336,6
46337,0
46338,2
46339,4
46340,0
46341,2
46342,3
46343,0
46344,0
46345,5
46346,5
46347,5
46348,3
46349,6
46350,5
46351,5
46352,5
46353,0
46354,2
46355,2
46356,2
46357,3
46358,3
46359,6
46360,3
46361,3
46362,3
46363,6
46364,5
46365,6
46366,1
46367,5
46368,3
46369,5
46370,0
46371,4
46372,5
46373,5
46374,0
46375,2
46376,5
46377,2
46378,5
46379,2
46380,5
46381,5
46382,1
46383,0
46384,5
46385,1
46386,0
46387,1
46388,5
46389,1
46390,0
46391,1
46392,1
46393,3
46394,5
46395,5
46396,5
46397,1
46398,6
46399,0
46400,3
46401,0
46402,5
46403,6
46404,2
46405,4
46406,3
46407,6
46408,1
46409,0
46410,1
46411,2
46412,3
46413,6
46414,6
46415,2
46416,3
46417,0
46418,6
46419,1
46420,6
46421,0
46422,5
46423,6
46424,5
46425,0
46426,5
46427,3
46428,1
46429,0
46430,6
46431,5
46432,2
46433,6
46434,0
46435,0
46436,0
46437,6
46438,5
46439,6
46440,6
46441,0
46442,2
46443,0
46444,6
46445,1
46446,3
46447,5
46448,0
46449,5
46450,3
46451,0
46452,5
46453,5
46454,5
46455,3
46456,0
46457,5
46458,0
46459,5
46460,2
46461,2
46462,6
46463,4
46464,3
46465,6
46466,3
46467,5
46468,0
46469,0
46470,5
46471,6
46472,1
46473,6
46474,5
46475,5
46476,1
46477,1
46478,0
46479,0
46480,5
46481,3
46482,1
46483,1
46484,3
46485,3
46486,3
46487,6
46488,0
46489,6
46490,6
46491,5
46492,6
46493,5
46494,1
46495,0
46496,3
46497,1
46498,0
46499,0
46500,3
46501,1
46502,5
46503,1
46504,0
46505,1
46506,1
46507,3
46508,5
46509,2
46510,1
46511,5
46512,0
46513,4
46514,0
46515,4
46516,1
46517,0
46518,3
46519,2
46520,0
46521,5
46522,0
46523,3
46524,5
46525,2
46526,6
46527,2
46528,0
46529,1
46530,3
46531,3
46532,1
46533,5
46534,5
46535,0
46536,1
46537,0
46538,0
46539,0
46540,2
46541,6
46542,2
46543,6
46544,2
46545,3
46546,5
46547,0
46548,0
46549,0
46550,1
46551,6
46552,0
46553,5
46554,1
46555,3
46556,6
46557,5
46558,6
46559,4
46560,2
46561,5
46562,0
46563,0
46564,0
46565,1
46566,0
46567,1
46568,1
46569,1
46570,6
46571,6
46572,3
46573,1
46574,1
46575,0
46576,3
46577,1
46578,2
46579,0
46580,0
46581,5
46582,1
46583,5
46584,5
46585,2
46586,0
46587,5
46588,1
46589,1
46590,6
46591,0
46592,5
46593,1
46594,6
46595,5
46596,6
46597,5
46598,6
46599,5
46600,0
46601,3
46602,5
46603,0
46604,4
46605,6
46606,0
46607,5
46608,2
46609,0
46610,5
46611,5
46612,5
46613,6
46614,3
46615,5
46616,5
46617,0
46618,2
46619,5
46620,1
46621,5
46622,0
46623,3
46624,5
46625,6
46626,5
46627,6
46628,2
46629,5
46630,6
46631,5
46632,5
46633,5
46634,5
46635,1
46636,3
46637,5
46638,0
46639,3
46640,5
46641,6
46642,6
46643,3
46644,2
46645,2
46646,3
46647,3
46648,1
46649,3
46650,0
46651,2
46652,1
46653,1
46654,6
46655,6
46656,6
46657,1
46658,0
46659,1
46660,4
46661,6
46662,1
46663,2
46664,3
46665,5
46666,6
46667,5
46668,5
46669,6
46670,3
46671,4
46672,1
46673,3
46674,5
46675,1
46676,5
46677,6
46678,1
46679,6
46680,3
46681,5
46682,6
46683,5
46684,3
46685,5
46686,2
46687,5
46688,6
46689,5
46690,6
46691,3
46692,6
46693,5
46694,0
46695,6
46696,0
46697,5
46698,5
46699,1
46700,5
46701,2
46702,6
46703,5
46704,1
46705,1
46706,0
46707,3
46708,5
46709,2
46710,0
46711,5
46712,6
46713,0
46714,5
46715,1
46716,5
46717,5
46718,5
46719,5
46720,5
46721,5
46722,3
46723,5
46724,3
46725,0
46726,2
46727,4
46728,5
46729,5
46730,1
46731,5
46732,2
46733,5
46734,6
46735,4
46736,0
46737,5
46738,1
46739,1
46740,5
46741,6
46742,6
46743,0
46744,0
46745,5
46746,6
46747,6
46748,6
46749,5
46750,5
46751,5
46752,0
46753,0
46754,2
46755,2
46756,1
46757,3
46758,0
46759,6
46760,0
46761,0
46762,1
46763,5
46764,6
46765,1
46766,4
46767,5
46768,2
46769,0
46770,5
46771,6
46772,5
46773,2
46774,5
46775,6
46776,5
46777,3
46778,5
46779,6
46780,5
46781,3
46782,1
46783,5
46784,5
46785,1
46786,6
46787,5
46788,6
46789,5
46790,2
46791,5
46792,6
46793,6
46794,3
46795,1
46796,3
46797,3
46798,2
46799,3
46800,3
46801,1
46802,3
46803,3
46804,1
46805,3
46806,1
46807,6
46808,3
46809,6
46810,3
46811,5
46812,0
46813,6
46814,1
46815,5
46816,5
46817,0
46818,3
46819,2
46820,0
46821,0
46822,4
46823,1
46824,4
46825,2
46826,5
46827,4
46828,5
46829,5
46830,5
46831,5
46832,2
46833,5
46834,4
46835,1
46836,5
46837,3
46838,0
46839,0
46840,5
46841,2
46842,1
46843,5
46844,2
46845,0
46846,2
46847,6
46848,0
46849,1
46850,2
46851,5
46852,5
46853,5
46854,3
46855,3
46856,0
46857,5
46858,6
46859,5
46860,6
46861,3
46862,2
46863,5
46864,5
46865,1
46866,5
46867,5
46868,6
46869,5
46870,6
46871,4
46872,5
46873,0
46874,1
46875,5
46876,6
46877,5
46878,1
46879,5
46880,1
46881,1
46882,0
46883,6
46884,5
46885,1
46886,6
46887,5
46888,3
46889,3
46890,5
46891,5
46892,1
46893,0
46894,0
46895,2
46896,0
46897,2
46898,5
46899,1
46900,5
46901,6
46902,2
46903,5
46904,5
46905,6
46906,3
46907,1
46908,5
46909,6
46910,1
46911,2
46912,1
46913,1
46914,5
46915,3
46916,2
46917,5
46918,0
46919,3
46920,1
46921,0
46922,0
46923,5
46924,0
46925,2
46926,2
46927,1
46928,3
46929,5
46930,1
46931,1
46932,6
46933,2
46934,6
46935,1
46936,6
46937,1
46938,5
46939,2
46940,0
46941,5
46942,0
46943,5
46944,5
46945,5
46946,5
46947,5
46948,1
46949,6
46950,6
46951,5
46952,6
46953,2
46954,1
46955,3
46956,5
46957,0
46958,6
46959,6
46960,2
46961,1
46962,5
46963,3
46964,5
46965,5
46966,6
46967,0
46968,0
46969,4
46970,1
46971,6
46972,1
46973,3
46974,3
46975,5
46976,6
46977,6
46978,5
46979,5
46980,5
46981,6
46982,5
46983,0
46984,3
46985,2
46986,1
46987,6
46988,1
46989,2
46990,3
46991,1
46992,1
46993,5
46994,3
46995,6
46996,6
46997,6
46998,4
46999,5
47000,3
47001,0
47002,3
47003,1
47004,6
47005,1
47006,3
47007,6
47008,1
47009,6
47010,0
47011,0
47012,0
47013,3
47014,5
47015,4
47016,6
47017,6
47018,5
47019,6
47020,5
47021,6
47022,6
47023,3
47024,0
47025,1
47026,2
47027,1
47028,6
47029,6
47030,0
47031,3
47032,6
47033,5
47034,0
47035,6
47036,5
47037,5
47038,0
47039,5
47040,3
47041,0
47042,0
47043,5
47044,6
47045,6
47046,1
47047,1
47048,5
47049,1
47050,5
47051,0
47052,0
47053,0
47054,6
47055,3
47056,0
47057,5
47058,6
47059,6
47060,5
47061,2
47062,5
47063,5
47064,6
47065,1
47066,3
47067,6
47068,6
47069,0
47070,4
47071,1
47072,3
47073,3
47074,2
47075,0
47076,3
47077,2
47078,0
47079,5
47080,3
47081,6
47082,0
47083,0
47084,3
47085,0
47086,5
47087,1
47088,0
47089,5
47090,1
47091,2
47092,0
47093,0
47094,0
47095,0
47096,5
47097,0
47098,0
47099,0
47100,1
47101,5
47102,5
47103,0
47104,5
47105,5
47106,1
47107,4
47108,6
47109,5
47110,5
47111,5
47112,1
47113,2
47114,0
47115,1
47116,2
47117,6
47118,1
47119,3
47120,0
47121,6
47122,5
47123,3
47124,5
47125,5
47126,1
47127,4
47128,5
47129,5
47130,0
47131,6
47132,6
47133,0
47134,3
47135,0
47136,5
47137,6
47138,0
47139,5
47140,5
47141,0
47142,5
47143,0
47144,5
47145,0
47146,0
47147,5
47148,3
47149,6
47150,5
47151,0
47152,5
47153,5
47154,5
47155,5
47156,6
47157,0
47158,5
47159,4
47160,6
47161,0
47162,5
47163,0
47164,6
47165,6
47166,6
47167,5
47168,2
47169,3
47170,6
47171,1
47172,5
47173,5
47174,4
47175,6
47176,0
47177,5
47178,1
47179,6
47180,4
47181,5
47182,6
47183,5
47184,6
47185,0
47186,3
47187,6
47188,3
47189,2
47190,3
47191,2
47192,6
47193,3
47194,0
47195,5
47196,6
47197,0
47198,0
47199,5
47200,2
47201,0
47202,1
47203,0
47204,2
47205,1
47206,2
47207,0
47208,5
47209,1
47210,3
47211,5
47212,1
47213,3
47214,1
47215,0
47216,6
47217,3
47218,1
47219,5
47220,5
47221,1
47222,5
47223,1
47224,5
47225,1
47226,5
47227,0
47228,0
47229,4
47230,5
47231,5
47232,5
47233,0
47234,3
47235,6
47236,5
47237,1
47238,6
47239,5
47240,6
47241,0
47242,5
47243,0
47244,5
47245,6
47246,5
47247,6
47248,2
47249,5
47250,1
47251,5
47252,1
47253,0
47254,3
47255,5
47256,5
47257,5
47258,6
47259,0
47260,5
47261,5
47262,5
47263,3
47264,2
47265,5
47266,5
47267,4
47268,5
47269,5
47270,2
47271,2
47272,0
47273,5
47274,4
47275,0
47276,5
47277,5
47278,0
47279,1
47280,2
47281,3
47282,0
47283,5
47284,4
47285,3
47286,5
47287,3
47288,2
47289,6
47290,5
47291,4
47292,6
47293,6
47294,6
47295,3
47296,6
47297,2
47298,2
47299,0
47300,6
47301,2
47302,0
47303,2
47304,0
47305,5
47306,1
47307,0
47308,0
47309,1
47310,4
47311,5
47312,1
47313,5
47314,0
47315,1
47316,0
47317,0
47318,5
47319,0
47320,5
47321,1
47322,3
47323,1
47324,5
47325,5
47326,1
47327,4
47328,5
47329,5
47330,6
47331,0
47332,1
47333,3
47334,2
47335,6
47336,6
47337,2
47338,6
47339,3
47340,6
47341,6
47342,0
47343,0
47344,0
47345,0
47346,5
47347,3
47348,3
47349,5
47350,0
47351,2
47352,1
47353,1
47354,3
47355,6
47356,5
47357,6
47358,4
47359,5
47360,6
47361,5
47362,5
47363,0
47364,6
47365,5
47366,1
47367,0
47368,0
47369,4
47370,5
47371,5
47372,6
47373,3
47374,5
47375,4
47376,1
47377,6
47378,6
47379,5
47380,5
47381,1
47382,1
47383,5
47384,1
47385,4
47386,6
47387,1
47388,5
47389,3
47390,0
47391,2
47392,5
47393,3
47394,1
47395,5
47396,4
47397,5
47398,5
47399,0
47400,0
47401,5
47402,5
47403,5
47404,2
47405,3
47406,6
47407,6
47408,1
47409,5
47410,6
47411,0
47412,3
47413,0
47414,4
47415,5
47416,0
47417,1
47418,3
47419,6
47420,1
47421,4
47422,1
47423,6
47424,1
47425,0
47426,1
47427,1
47428,0
47429,5
47430,5
47431,1
47432,2
47433,1
47434,5
47435,0
47436,6
47437,5
47438,6
47439,5
47440,6
47441,5
47442,5
47443,5
47444,5
47445,5
47446,3
47447,6
47448,2
47449,6
47450,5
47451,0
47452,0
47453,0
47454,0
47455,1
47456,3
47457,0
47458,0
47459,4
47460,2
47461,2
47462,5
47463,5
47464,5
47465,3
47466,6
47467,1
47468,6
47469,0
47470,1
47471,4
47472,3
47473,4
47474,3
47475,0
47476,0
47477,5
47478,6
47479,5
47480,0
47481,2
47482,5
47483,3
47484,0
47485,1
47486,6
47487,3
47488,5
47489,3
47490,2
47491,1
47492,3
47493,1
47494,5
47495,5
47496,5
47497,3
47498,3
47499,5
47500,1
47501,5
47502,5
47503,0
47504,5
47505,0
47506,5
47507,5
47508,0
47509,5
47510,6
47511,2
47512,5
47513,3
47514,6
47515,1
47516,5
47517,1
47518,6
47519,2
47520,1
47521,6
47522,5
47523,2
47524,2
47525,6
47526,6
47527,4
47528,2
47529,2
47530,5
47531,6
47532,0
47533,6
47534,0
47535,2
47536,1
47537,1
47538,3
47539,5
47540,4
47541,5
47542,5
47543,5
47544,0
47545,3
47546,4
47547,0
47548,5
47549,1
47550,5
47551,3
47552,5
47553,5
47554,0
47555,6
47556,1
47557,3
47558,5
47559,5
47560,5
47561,0
47562,6
47563,5
47564,5
47565,5
47566,0
47567,5
47568,0
47569,0
47570,3
47571,0
47572,1
47573,5
47574,1
47575,5
47576,1
47577,5
47578,1
47579,0
47580,2
47581,1
47582,2
47583,1
47584,1
47585,1
47586,1
47587,0
47588,6
47589,0
47590,5
47591,0
47592,0
47593,2
47594,4
47595,5
47596,5
47597,5
47598,1
47599,6
47600,4
47601,5
47602,4
47603,6
47604,1
47605,3
47606,2
47607,1
47608,1
47609,5
47610,1
47611,1
47612,5
47613,0
47614,5
47615,0
47616,4
47617,3
47618,5
47619,3
47620,5
47621,5
47622,5
47623,6
47624,3
47625,6
47626,0
47627,5
47628,1
47629,5
47630,1
47631,6
47632,5
47633,0
47634,2
47635,5
47636,0
47637,5
47638,2
47639,3
47640,1
47641,4
47642,5
47643,2
47644,1
47645,0
47646,1
47647,0
47648,0
47649,4
47650,2
47651,0
47652,3
47653,6
47654,5
47655,6
47656,0
47657,5
47658,6
47659,6
47660,5
47661,2
47662,3
47663,6
47664,5
47665,2
47666,5
47667,3
47668,5
47669,5
47670,3
47671,6
47672,2
47673,0
47674,3
47675,5
47676,1
47677,2
47678,0
47679,3
47680,6
47681,0
47682,0
47683,0
47684,1
47685,3
47686,0
47687,5
47688,5
47689,5
47690,1
47691,2
47692,6
47693,3
47694,0
47695,1
47696,5
47697,0
47698,5
47699,6
47700,5
47701,5
47702,3
47703,5
47704,0
47705,5
47706,5
47707,2
47708,2
47709,1
47710,1
47711,1
47712,0
47713,1
47714,0
47715,0
47716,5
47717,5
47718,4
47719,0
47720,1
47721,3
47722,5
47723,5
47724,5
47725,5
47726,5
47727,5
47728,0
47729,3
47730,0
47731,6
47732,1
47733,4
47734,5
47735,6
47736,6
47737,6
47738,6
47739,3
47740,2
47741,0
47742,1
47743,1
47744,3
47745,3
47746,1
47747,6
47748,3
47749,1
47750,4
47751,6
47752,6
47753,6
47754,5
47755,3
47756,5
47757,5
47758,2
47759,0
47760,4
47761,1
47762,3
47763,6
47764,1
47765,0
47766,3
47767,5
47768,5
47769,1
47770,0
47771,5
47772,1
47773,5
47774,6
47775,5
47776,5
47777,6
47778,1
47779,5
47780,5
47781,2
47782,6
47783,2
47784,0
47785,6
47786,5
47787,1
47788,5
47789,3
47790,6
47791,6
47792,0
47793,1
47794,0
47795,5
47796,0
47797,4
47798,1
47799,6
47800,5
47801,0
47802,2
47803,0
47804,5
47805,5
47806,1
47807,3
47808,6
47809,5
47810,4
47811,5
47812,0
47813,3
47814,5
47815,0
47816,5
47817,5
47818,5
47819,1
47820,3
47821,5
47822,6
47823,1
47824,5
47825,5
47826,3
47827,2
47828,5
47829,3
47830,5
47831,5
47832,5
47833,0
47834,6
47835,6
47836,1
47837,3
47838,0
47839,0
47840,5
47841,6
47842,0
47843,2
47844,5
47845,1
47846,2
47847,5
47848,3
47849,0
47850,6
47851,5
47852,6
47853,0
47854,1
47855,6
47856,5
47857,4
47858,1
47859,5
47860,1
47861,1
47862,0
47863,5
47864,1
47865,5
47866,0
47867,3
47868,4
47869,0
47870,6
47871,5
47872,6
47873,4
47874,5
47875,4
47876,5
47877,0
47878,6
47879,3
47880,5
47881,0
47882,5
47883,5
47884,5
47885,0
47886,4
47887,0
47888,1
47889,3
47890,5
47891,4
47892,5
47893,1
47894,5
47895,5
47896,6
47897,6
47898,5
47899,5
47900,1
47901,2
47902,2
47903,2
47904,5
47905,0
47906,2
47907,5
47908,5
47909,5
47910,5
47911,5
47912,1
47913,2
47914,5
47915,1
47916,5
47917,0
47918,5
47919,5
47920,5
47921,6
47922,1
47923,1
47924,0
47925,1
47926,0
47927,2
47928,0
47929,5
47930,1
47931,2
47932,5
47933,5
47934,4
47935,1
47936,5
47937,5
47938,3
47939,2
47940,2
47941,2
47942,3
47943,5
47944,3
47945,2
47946,1
47947,4
47948,6
47949,5
47950,1
47951,3
47952,5
47953,5
47954,0
47955,5
47956,2
47957,5
47958,2
47959,2
47960,5
47961,2
47962,5
47963,3
47964,0
47965,5
47966,6
47967,6
47968,0
47969,2
47970,5
47971,5
47972,2
47973,5
47974,5
47975,5
47976,3
47977,5
47978,5
47979,1
47980,1
47981,2
47982,5
47983,3
47984,6
47985,6
47986,5
47987,5
47988,1
47989,5
47990,1
47991,3
47992,0
47993,3
47994,5
47995,6
47996,6
47997,6
47998,5
47999,5
48000,1
48001,5
48002,1
48003,6
48004,5
48005,5
48006,2
48007,6
48008,1
48009,5
48010,5
48011,0
48012,5
48013,5
48014,0
48015,5
48016,5
48017,6
48018,3
48019,5
48020,2
48021,6
48022,0
48023,5
48024,3
48025,6
48026,0
48027,1
48028,6
48029,2
48030,5
48031,2
48032,5
48033,5
48034,5
48035,5
48036,6
48037,6
48038,0
48039,0
48040,5
48041,5
48042,4
48043,5
48044,1
48045,5
48046,0
48047,5
48048,5
48049,6
48050,2
48051,5
48052,5
48053,2
48054,5
48055,5
48056,5
48057,6
48058,3
48059,1
48060,0
48061,5
48062,5
48063,5
48064,5
48065,4
48066,3
48067,5
48068,2
48069,1
48070,3
48071,5
48072,2
48073,2
48074,5
48075,5
48076,5
48077,6
48078,0
48079,5
48080,1
48081,1
48082,6
48083,6
48084,5
48085,6
48086,5
48087,5
48088,2
48089,6
48090,2
48091,5
48092,5
48093,5
48094,6
48095,2
48096,3
48097,6
48098,4
48099,0
48100,6
48101,6
48102,5
48103,6
48104,5
48105,5
48106,1
48107,5
48108,0
48109,0
48110,3
48111,0
48112,1
48113,0
48114,6
48115,5
48116,6
48117,2
48118,3
48119,5
48120,2
48121,0
48122,1
48123,2
48124,1
48125,5
48126,3
48127,3
48128,4
48129,1
48130,4
48131,5
48132,5
48133,4
48134,0
48135,0
48136,5
48137,5
48138,1
48139,1
48140,2
48141,2
48142,5
48143,2
48144,1
48145,0
48146,6
48147,2
48148,0
48149,5
48150,6
48151,5
48152,0
48153,4
48154,1
48155,3
48156,1
48157,6
48158,5
48159,1
48160,0
48161,1
48162,0
48163,5
48164,6
48165,3
48166,3
48167,5
48168,0
48169,5
48170,2
48171,0
48172,5
48173,2
48174,0
48175,1
48176,4
48177,0
48178,1
48179,5
48180,1
48181,5
48182,6
48183,6
48184,6
48185,6
48186,5
48187,3
48188,0
48189,2
48190,5
48191,1
48192,1
48193,0
48194,5
48195,2
48196,0
48197,3
48198,1
48199,0
48200,5
48201,3
48202,5
48203,2
48204,0
48205,1
48206,6
48207,3
48208,1
48209,2
48210,3
48211,5
48212,6
48213,6
48214,0
48215,5
48216,6
48217,2
48218,0
48219,5
48220,5
48221,1
48222,6
48223,0
48224,6
48225,5
48226,5
48227,0
48228,1
48229,5
48230,3
48231,5
48232,5
48233,1
48234,5
48235,0
48236,0
48237,3
48238,3
48239,1
48240,5
48241,3
48242,0
48243,6
48244,0
48245,4
48246,6
48247,5
48248,5
48249,0
48250,1
48251,6
48252,6
48253,5
48254,5
48255,3
48256,5
48257,6
48258,3
48259,3
48260,3
48261,1
48262,0
48263,5
48264,5
48265,2
48266,1
48267,5
48268,3
48269,6
48270,0
48271,5
48272,4
48273,6
48274,6
48275,1
48276,1
48277,6
48278,5
48279,0
48280,6
48281,6
48282,5
48283,1
48284,5
48285,6
48286,4
48287,0
48288,5
48289,6
48290,0
48291,5
48292,3
48293,5
48294,6
48295,0
48296,2
48297,5
48298,6
48299,3
48300,3
48301,1
48302,5
48303,5
48304,0
48305,0
48306,1
48307,4
48308,2
48309,2
48310,2
48311,3
48312,0
48313,5
48314,5
48315,0
48316,5
48317,0
48318,1
48319,0
48320,4
48321,5
48322,2
48323,3
48324,0
48325,0
48326,3
48327,5
48328,3
48329,1
48330,5
48331,6
48332,4
48333,5
48334,5
48335,3
48336,0
48337,6
48338,0
48339,5
48340,5
48341,2
48342,6
48343,3
48344,3
48345,1
48346,5
48347,5
48348,0
48349,6
48350,5
48351,1
48352,6
48353,0
48354,3
48355,0
48356,5
48357,6
48358,5
48359,5
48360,3
48361,2
48362,0
48363,5
48364,5
48365,0
48366,5
48367,6
48368,1
48369,3
48370,2
48371,6
48372,5
48373,2
48374,3
48375,2
48376,5
48377,1
48378,6
48379,2
48380,5
48381,3
48382,1
48383,5
48384,0
48385,6
48386,6
48387,3
48388,3
48389,5
48390,0
48391,5
48392,6
48393,0
48394,2
48395,6
48396,1
48397,1
48398,0
48399,2
48400,3
48401,1
48402,1
48403,2
48404,0
48405,6
48406,5
48407,6
48408,6
48409,1
48410,1
48411,3
48412,1
48413,6
48414,1
48415,5
48416,6
48417,1
48418,4
48419,1
48420,5
48421,5
48422,5
48423,5
48424,1
48425,3
48426,1
48427,1
48428,2
48429,1
48430,5
48431,5
48432,6
48433,6
48434,1
48435,5
48436,5
48437,6
48438,5
48439,5
48440,3
48441,3
48442,5
48443,5
48444,0
48445,6
48446,3
48447,1
48448,0
48449,2
48450,4
48451,5
48452,6
48453,2
48454,1
48455,5
48456,6
48457,2
48458,5
48459,5
48460,6
48461,3
48462,6
48463,0
48464,4
48465,6
48466,5
48467,2
48468,6
48469,1
48470,0
48471,0
48472,6
48473,3
48474,1
48475,5
48476,0
48477,4
48478,1
48479,2
48480,5
48481,2
48482,1
48483,4
48484,5
48485,2
48486,4
48487,5
48488,5
48489,3
48490,5
48491,5
48492,3
48493,1
48494,0
48495,6
48496,5
48497,2
48498,5
48499,5
48500,1
48501,1
48502,2
48503,2
48504,4
48505,5
48506,0
48507,3
48508,1
48509,6
48510,6
48511,5
48512,3
48513,1
48514,5
48515,0
48516,3
48517,2
48518,0
48519,5
48520,5
48521,6
48522,5
48523,5
48524,3
48525,5
48526,6
48527,0
48528,4
48529,6
48530,0
48531,6
48532,6
48533,5
48534,2
48535,5
48536,5
48537,1
48538,5
48539,5
48540,1
48541,1
48542,5
48543,6
48544,1
48545,3
48546,6
48547,1
48548,5
48549,0
48550,2
48551,1
48552,1
48553,1
48554,2
48555,2
48556,1
48557,1
48558,6
48559,1
48560,0
48561,2
48562,2
48563,0
48564,6
48565,1
48566,5
48567,0
48568,5
48569,5
48570,5
48571,0
48572,3
48573,3
48574,0
48575,5
48576,1
48577,0
48578,3
48579,5
48580,5
48581,1
48582,5
48583,5
48584,5
48585,5
48586,0
48587,3
48588,5
48589,0
48590,1
48591,5
48592,1
48593,1
48594,1
48595,1
48596,5
48597,5
48598,5
48599,1
48600,6
48601,6
48602,0
48603,2
48604,0
48605,5
48606,0
48607,0
48608,0
48609,5
48610,1
48611,1
48612,3
48613,5
48614,5
48615,5
48616,4
48617,2
48618,0
48619,1
48620,5
48621,0
48622,1
48623,5
48624,5
48625,1
48626,1
48627,6
48628,6
48629,1
48630,3
48631,1
48632,2
48633,3
48634,2
48635,5
48636,4
48637,6
48638,5
48639,1
48640,1
48641,3
48642,1
48643,2
48644,5
48645,3
48646,6
48647,3
48648,0
48649,2
48650,1
48651,5
48652,5
48653,0
48654,5
48655,6
48656,5
48657,5
48658,5
48659,6
48660,2
48661,5
48662,2
48663,0
48664,6
48665,2
48666,5
48667,1
48668,3
48669,6
48670,5
48671,5
48672,5
48673,2
48674,6
48675,5
48676,0
48677,5
48678,3
48679,6
48680,5
48681,1
48682,5
48683,5
48684,0
48685,1
48686,6
48687,0
48688,5
48689,4
48690,1
48691,6
48692,0
48693,1
48694,3
48695,5
48696,1
48697,1
48698,1
48699,3
48700,3
48701,5
48702,4
48703,0
48704,5
48705,5
48706,0
48707,6
48708,5
48709,6
48710,4
48711,1
48712,1
48713,6
48714,2
48715,5
48716,5
48717,6
48718,3
48719,2
48720,1
48721,5
48722,5
48723,6
48724,5
48725,3
48726,1
48727,5
48728,3
48729,6
48730,6
48731,2
48732,4
48733,3
48734,5
48735,6
48736,6
48737,5
48738,3
48739,2
48740,6
48741,1
48742,5
48743,5
48744,6
48745,6
48746,4
48747,1
48748,5
48749,6
48750,6
48751,6
48752,3
48753,0
48754,6
48755,2
48756,0
48757,5
48758,6
48759,0
48760,5
48761,5
48762,6
48763,5
48764,6
48765,5
48766,0
48767,5
48768,1
48769,5
48770,0
48771,3
48772,2
48773,0
48774,0
48775,1
48776,0
48777,0
48778,5
48779,6
48780,4
48781,5
48782,6
48783,1
48784,2
48785,1
48786,6
48787,6
48788,5
48789,3
48790,5
48791,5
48792,2
48793,3
48794,2
48795,5
48796,6
48797,5
48798,2
48799,1
48800,2
48801,5
48802,0
48803,1
48804,5
48805,0
48806,6
48807,0
48808,6
48809,3
48810,6
48811,5
48812,5
48813,0
48814,5
48815,2
48816,5
48817,0
48818,5
48819,1
48820,5
48821,4
48822,5
48823,4
48824,6
48825,2
48826,1
48827,0
48828,1
48829,6
48830,1
48831,5
48832,5
48833,0
48834,5
48835,6
48836,0
48837,1
48838,6
48839,6
48840,3
48841,0
48842,5
48843,5
48844,0
48845,3
48846,5
48847,6
48848,3
48849,5
48850,6
48851,0
48852,5
48853,5
48854,6
48855,0
48856,6
48857,5
48858,4
48859,3
48860,3
48861,3
48862,0
48863,3
48864,5
48865,5
48866,3
48867,1
48868,5
48869,4
48870,6
48871,0
48872,0
48873,3
48874,5
48875,3
48876,0
48877,2
48878,1
48879,2
48880,0
48881,3
48882,3
48883,0
48884,5
48885,5
48886,3
48887,5
48888,1
48889,5
48890,3
48891,0
48892,1
48893,1
48894,6
48895,5
48896,6
48897,0
48898,2
48899,5
48900,5
48901,5
48902,1
48903,6
48904,5
48905,5
48906,2
48907,0
48908,3
48909,3
48910,3
48911,1
48912,0
48913,1
48914,6
48915,1
48916,5
48917,0
48918,5
48919,5
48920,0
48921,6
48922,4
48923,6
48924,5
48925,6
48926,3
48927,5
48928,0
48929,6
48930,2
48931,0
48932,3
48933,6
48934,6
48935,2
48936,3
48937,5
48938,1
48939,5
48940,1
48941,5
48942,5
48943,6
48944,2
48945,6
48946,5
48947,0
48948,5
48949,2
48950,0
48951,5
48952,4
48953,0
48954,1
48955,3
48956,0
48957,3
48958,0
48959,1
48960,0
48961,6
48962,0
48963,6
48964,6
48965,5
48966,5
48967,5
48968,6
48969,1
48970,3
48971,0
48972,5
48973,6
48974,6
48975,2
48976,3
48977,6
48978,6
48979,0
48980,5
48981,5
48982,1
48983,1
48984,6
48985,2
48986,5
48987,1
48988,5
48989,0
48990,1
48991,5
48992,1
48993,2
48994,6
48995,5
48996,6
48997,2
48998,5
48999,1
49000,0
49001,6
49002,1
49003,1
49004,1
49005,1
49006,5
49007,1
49008,5
49009,1
49010,3
49011,4
49012,3
49013,5
49014,0
49015,6
49016,5
49017,5
49018,5
49019,6
49020,2
49021,1
49022,5
49023,5
49024,3
49025,3
49026,6
49027,0
49028,3
49029,2
49030,0
49031,1
49032,0
49033,1
49034,1
49035,2
49036,5
49037,6
49038,6
49039,6
49040,6
49041,2
49042,5
49043,1
49044,2
49045,0
49046,6
49047,0
49048,2
49049,6
49050,0
49051,6
49052,3
49053,0
49054,0
49055,6
49056,5
49057,1
49058,4
49059,5
49060,3
49061,2
49062,2
49063,6
49064,5
49065,0
49066,5
49067,0
49068,1
49069,5
49070,0
49071,6
49072,6
49073,1
49074,2
49075,6
49076,6
49077,0
49078,0
49079,1
49080,0
49081,5
49082,0
49083,2
49084,4
49085,1
49086,2
49087,0
49088,0
49089,5
49090,5
49091,0
49092,1
49093,6
49094,3
49095,2
49096,0
49097,5
49098,5
49099,0
49100,1
49101,5
49102,6
49103,5
49104,4
49105,6
49106,6
49107,0
49108,5
49109,0
49110,5
49111,2
49112,3
49113,2
49114,1
49115,5
49116,5
49117,0
49118,2
49119,1
49120,1
49121,5
49122,5
49123,0
49124,0
49125,5
49126,5
49127,5
49128,0
49129,5
49130,6
49131,1
49132,2
49133,1
49134,6
49135,0
49136,1
49137,3
49138,6
49139,6
49140,0
49141,5
49142,4
49143,0
49144,0
49145,2
49146,4
49147,0
49148,3
49149,5
49150,6
49151,4
49152,4
49153,5
49154,1
49155,1
49156,1
49157,2
49158,6
49159,6
49160,1
49161,5
49162,6
49163,5
49164,4
49165,5
49166,5
49167,1
49168,6
49169,1
49170,5
49171,5
49172,0
49173,5
49174,2
49175,0
49176,3
49177,0
49178,5
49179,1
49180,2
49181,0
49182,0
49183,0
49184,6
49185,5
49186,2
49187,6
49188,1
49189,1
49190,0
49191,1
49192,6
49193,5
49194,0
49195,1
49196,1
49197,2
49198,6
49199,1
49200,5
49201,6
49202,1
49203,4
49204,1
49205,2
49206,6
49207,1
49208,0
49209,5
49210,5
49211,5
49212,2
49213,5
49214,1
49215,1
49216,5
49217,0
49218,3
49219,6
49220,5
49221,0
49222,3
49223,5
49224,2
49225,3
49226,5
49227,3
49228,3
49229,1
49230,6
49231,5
49232,0
49233,1
49234,5
49235,0
49236,1
49237,5
49238,0
49239,5
49240,1
49241,6
49242,5
49243,0
49244,0
49245,6
49246,1
49247,0
49248,0
49249,6
49250,4
49251,3
49252,0
49253,6
49254,0
49255,3
49256,2
49257,0
49258,3
49259,2
49260,5
49261,5
49262,3
49263,5
49264,5
49265,5
49266,5
49267,2
49268,1
49269,5
49270,2
49271,1
49272,5
49273,2
49274,0
49275,5
49276,3
49277,0
49278,4
49279,6
49280,0
49281,3
49282,2
49283,1
49284,5
49285,5
49286,0
49287,6
49288,6
49289,5
49290,5
49291,3
49292,1
49293,0
49294,6
49295,1
49296,6
49297,0
49298,0
49299,5
49300,3
49301,0
49302,5
49303,0
49304,3
49305,5
49306,1
49307,5
49308,2
49309,6
49310,5
49311,0
49312,5
49313,6
49314,0
49315,3
49316,5
49317,6
49318,5
49319,0
49320,5
49321,2
49322,2
49323,5
49324,2
49325,5
49326,1
49327,5
49328,3
49329,5
49330,0
49331,6
49332,3
49333,1
49334,0
49335,0
49336,3
49337,5
49338,3
49339,6
49340,6
49341,3
49342,5
49343,5
49344,5
49345,1
49346,1
49347,5
49348,5
49349,0
49350,6
49351,0
49352,2
49353,4
49354,5
49355,0
49356,3
49357,5
49358,3
49359,5
49360,5
49361,5
49362,6
49363,0
49364,3
49365,0
49366,1
49367,0
49368,1
49369,0
49370,1
49371,5
49372,5
49373,6
49374,5
49375,5
49376,0
49377,4
49378,4
49379,5
49380,1
49381,4
49382,5
49383,2
49384,2
49385,3
49386,2
49387,3
49388,2
49389,0
49390,6
49391,3
49392,0
49393,2
49394,5
49395,6
49396,1
49397,0
49398,3
49399,1
49400,0
49401,5
49402,3
49403,5
49404,0
49405,2
49406,0
49407,0
49408,1
49409,6
49410,5
49411,6
49412,0
49413,5
49414,4
49415,5
49416,5
49417,1
49418,5
49419,5
49420,0
49421,6
49422,5
49423,5
49424,5
49425,3
49426,1
49427,6
49428,0
49429,1
49430,5
49431,5
49432,2
49433,5
49434,1
49435,5
49436,0
49437,5
49438,5
49439,5
49440,1
49441,5
49442,0
49443,2
49444,1
49445,6
49446,1
49447,5
49448,1
49449,1
49450,2
49451,1
49452,3
49453,0
49454,5
49455,6
49456,1
49457,1
49458,0
49459,0
49460,3
49461,2
49462,3
49463,0
49464,6
49465,6
49466,5
49467,0
49468,1
49469,5
49470,4
49471,0
49472,5
49473,1
49474,5
49475,2
49476,2
49477,4
49478,2
49479,0
49480,5
49481,5
49482,3
49483,0
49484,6
49485,5
49486,2
49487,1
49488,5
49489,6
49490,6
49491,0
49492,4
49493,5
49494,3
49495,5
49496,5
49497,5
49498,6
49499,6
49500,5
49501,6
49502,3
49503,6
49504,0
49505,5
49506,0
49507,5
49508,6
49509,5
49510,6
49511,0
49512,0
49513,4
49514,2
49515,2
49516,0
49517,5
49518,2
49519,1
49520,5
49521,5
49522,5
49523,1
49524,6
49525,0
49526,0
49527,0
49528,0
49529,3
49530,0
49531,5
49532,2
49533,2
49534,2
49535,6
49536,5
49537,6
49538,5
49539,0
49540,0
49541,1
49542,1
49543,0
49544,5
49545,4
49546,0
49547,0
49548,5
49549,3
49550,5
49551,0
49552,0
49553,2
49554,0
49555,3
49556,1
49557,5
49558,6
49559,5
49560,5
49561,4
49562,5
49563,0
49564,4
49565,5
49566,1
49567,6
49568,1
49569,4
49570,1
49571,0
49572,4
49573,5
49574,6
49575,1
49576,5
49577,4
49578,5
49579,0
49580,3
49581,5
49582,6
49583,3
49584,1
49585,5
49586,0
49587,1
49588,6
49589,6
49590,6
49591,0
49592,5
49593,5
49594,5
49595,4
49596,0
49597,4
49598,5
49599,1
49600,5
49601,5
49602,0
49603,6
49604,0
49605,6
49606,5
49607,5
49608,5
49609,5
49610,0
49611,6
49612,3
49613,6
49614,1
49615,1
49616,1
49617,2
49618,6
49619,2
49620,1
49621,1
49622,1
49623,5
49624,5
49625,6
49626,1
49627,3
49628,3
49629,6
49630,1
49631,0
49632,0
49633,0
49634,5
49635,1
49636,2
49637,0
49638,2
49639,6
49640,4
49641,3
49642,3
49643,3
49644,6
49645,5
49646,5
49647,4
49648,0
49649,0
49650,5
49651,0
49652,0
49653,5
49654,0
49655,0
49656,4
49657,5
49658,5
49659,5
49660,2
49661,3
49662,5
49663,5
49664,1
49665,5
49666,5
49667,2
49668,5
49669,2
49670,5
49671,3
49672,1
49673,0
49674,6
49675,6
49676,4
49677,3
49678,5
49679,5
49680,0
49681,5
49682,0
49683,0
49684,0
49685,6
49686,0
49687,5
49688,5
49689,1
49690,6
49691,0
49692,3
49693,0
49694,0
49695,3
49696,3
49697,0
49698,1
49699,3
49700,5
49701,3
49702,1
49703,0
49704,4
49705,3
49706,3
49707,2
49708,2
49709,5
49710,3
49711,6
49712,5
49713,1
49714,6
49715,6
49716,0
49717,1
49718,6
49719,0
49720,1
49721,1
49722,6
49723,5
49724,5
49725,5
49726,0
49727,0
49728,0
49729,2
49730,6
49731,1
49732,3
49733,1
49734,1
49735,6
49736,5
49737,5
49738,5
49739,1
49740,0
49741,2
49742,6
49743,5
49744,1
49745,0
49746,0
49747,0
49748,2
49749,1
49750,6
49751,0
49752,3
49753,2
49754,0
49755,5
49756,5
49757,4
49758,5
49759,5
49760,3
49761,1
49762,1
49763,6
49764,0
49765,0
49766,5
49767,0
49768,5
49769,1
49770,2
49771,5
49772,1
49773,4
49774,1
49775,6
49776,0
49777,0
49778,6
49779,0
49780,6
49781,2
49782,4
49783,6
49784,0
49785,2
49786,6
49787,6
49788,0
49789,1
49790,1
49791,1
49792,6
49793,5
49794,5
49795,0
49796,6
49797,0
49798,5
49799,5
49800,2
49801,5
49802,5
49803,6
49804,1
49805,3
49806,6
49807,0
49808,4
49809,0
49810,0
49811,6
49812,0
49813,0
49814,5
49815,0
49816,3
49817,1
49818,5
49819,0
49820,5
49821,5
49822,5
49823,1
49824,1
49825,5
49826,5
49827,3
49828,5
49829,1
49830,2
49831,3
49832,6
49833,3
49834,4
49835,4
49836,1
49837,5
49838,6
49839,5
49840,1
49841,1
49842,2
49843,1
49844,3
49845,0
49846,5
49847,6
49848,0
49849,6
49850,5
49851,2
49852,5
49853,5
49854,5
49855,2
49856,0
49857,6
49858,3
49859,6
49860,2
49861,5
49862,5
49863,3
49864,6
49865,6
49866,1
49867,5
49868,6
49869,0
49870,0
49871,5
49872,2
49873,0
49874,5
49875,5
49876,1
49877,5
49878,0
49879,5
49880,3
49881,6
49882,5
49883,5
49884,3
49885,2
49886,3
49887,5
49888,5
49889,5
49890,3
49891,1
49892,0
49893,6
49894,6
49895,3
49896,1
49897,6
49898,5
49899,5
49900,5
49901,2
49902,5
49903,2
49904,5
49905,5
49906,0
49907,5
49908,6
49909,5
49910,5
49911,6
49912,6
49913,4
49914,0
49915,1
49916,6
49917,5
49918,5
49919,6
49920,3
49921,6
49922,1
49923,6
49924,0
49925,5
49926,5
49927,0
49928,5
49929,2
49930,3
49931,5
49932,2
49933,2
49934,3
49935,6
49936,5
49937,0
49938,3
49939,6
49940,2
49941,6
49942,6
49943,0
49944,2
49945,4
49946,2
49947,2
49948,3
49949,1
49950,5
49951,5
49952,0
49953,6
49954,5
49955,4
49956,1
49957,5
49958,5
49959,0
49960,0
49961,0
49962,3
49963,0
49964,2
49965,5
49966,5
49967,0
49968,0
49969,2
49970,2
49971,5
49972,3
49973,5
49974,0
49975,6
49976,2
49977,5
49978,1
49979,1
49980,5
49981,1
49982,3
49983,6
49984,2
49985,0
49986,1
49987,6
49988,6
49989,1
49990,1
49991,3
49992,2
49993,6
49994,4
49995,5
49996,1
49997,0
49998,5
49999,5
50000,6
50001,2
50002,0
50003,1
50004,5
50005,4
50006,5
50007,0
50008,2
50009,1
50010,5
50011,6
50012,5
50013,3
50014,6
50015,6
50016,6
50017,5
50018,4
50019,3
50020,4
50021,3
50022,6
50023,5
50024,2
50025,3
50026,6
50027,2
50028,5
50029,0
50030,5
50031,6
50032,5
50033,6
50034,5
50035,2
50036,6
50037,1
50038,5
50039,2
50040,6
50041,3
50042,1
50043,0
50044,6
50045,5
50046,0
50047,5
50048,5
50049,5
50050,2
50051,3
50052,5
50053,1
50054,5
50055,3
50056,5
50057,5
50058,1
50059,4
50060,0
50061,6
50062,0
50063,0
50064,4
50065,1
50066,6
50067,0
50068,3
50069,5
50070,5
50071,4
50072,1
50073,4
50074,6
50075,5
50076,5
50077,0
50078,4
50079,3
50080,2
50081,2
50082,4
50083,0
50084,5
50085,3
50086,6
50087,0
50088,6
50089,6
50090,0
50091,1
50092,0
50093,1
50094,5
50095,6
50096,6
50097,0
50098,1
50099,0
50100,3
50101,6
50102,5
50103,3
50104,2
50105,5
50106,1
50107,3
50108,2
50109,1
50110,4
50111,2
50112,1
50113,0
50114,1
50115,1
50116,6
50117,5
50118,6
50119,5
50120,5
50121,1
50122,6
50123,3
50124,5
50125,6
50126,3
50127,5
50128,2
50129,0
50130,0
50131,2
50132,6
50133,1
50134,5
50135,5
50136,5
50137,2
50138,0
50139,5
50140,5
50141,0
50142,5
50143,0
50144,0
50145,2
50146,4
50147,6
50148,3
50149,0
50150,2
50151,6
50152,0
50153,5
50154,0
50155,5
50156,0
50157,3
50158,6
50159,2
50160,1
50161,1
50162,1
50163,0
50164,2
50165,3
50166,1
50167,1
50168,6
50169,6
50170,3
50171,2
50172,5
50173,5
50174,2
50175,5
50176,6
50177,2
50178,0
50179,5
50180,1
50181,2
50182,0
50183,5
50184,6
50185,0
50186,3
50187,0
50188,3
50189,3
50190,1
50191,2
50192,5
50193,1
50194,0
50195,1
50196,5
50197,5
50198,0
50199,2
50200,0
50201,5
50202,5
50203,1
50204,5
50205,3
50206,1
50207,3
50208,6
50209,1
50210,3
50211,2
50212,5
50213,1
50214,1
50215,3
50216,3
50217,1
50218,2
50219,5
50220,5
50221,1
50222,0
50223,2
50224,1
50225,2
50226,1
50227,5
50228,1
50229,5
50230,1
50231,5
50232,0
50233,3
50234,5
50235,1
50236,1
50237,1
50238,5
50239,5
50240,3
50241,5
50242,1
50243,6
50244,0
50245,3
50246,6
50247,3
50248,4
50249,5
50250,0
50251,3
50252,0
50253,1
50254,3
50255,5
50256,5
50257,3
50258,6
50259,0
50260,5
50261,2
50262,0
50263,5
50264,6
50265,6
50266,6
50267,2
50268,0
50269,6
50270,1
50271,3
50272,5
50273,0
50274,0
50275,2
50276,2
50277,3
50278,1
50279,5
50280,0
50281,2
50282,5
50283,1
50284,6
50285,5
50286,5
50287,5
50288,1
50289,3
50290,6
50291,6
50292,3
50293,1
50294,5
50295,5
50296,0
50297,0
50298,5
50299,5
50300,5
50301,6
50302,5
50303,0
50304,0
50305,5
50306,1
50307,6
50308,1
50309,0
50310,0
50311,6
50312,2
50313,0
50314,6
50315,6
50316,4
50317,5
50318,3
50319,2
50320,5
50321,0
50322,0
50323,5
50324,6
50325,3
50326,1
50327,5
50328,2
50329,5
50330,6
50331,3
50332,1
50333,6
50334,2
50335,2
50336,6
50337,2
50338,0
50339,6
50340,5
50341,2
50342,6
50343,0
50344,5
50345,5
50346,5
50347,6
50348,1
50349,1
50350,4
50351,0
50352,2
50353,1
50354,5
50355,4
50356,5
50357,1
50358,4
50359,1
50360,5
50361,4
50362,6
50363,2
50364,2
50365,2
50366,5
50367,0
50368,3
50369,1
50370,5
50371,4
50372,6
50373,1
50374,6
50375,5
50376,5
50377,6
50378,0
50379,5
50380,0
50381,0
50382,5
50383,4
50384,2
50385,5
50386,0
50387,2
50388,5
50389,1
50390,5
50391,1
50392,0
50393,0
50394,5
50395,5
50396,0
50397,5
50398,2
50399,5
50400,5
50401,0
50402,3
50403,0
50404,4
50405,5
50406,6
50407,1
50408,5
50409,2
50410,5
50411,5
50412,0
50413,6
50414,1
50415,5
50416,3
50417,5
50418,5
50419,3
50420,0
50421,1
50422,1
50423,5
50424,0
50425,6
50426,3
50427,6
50428,2
50429,2
50430,5
50431,5
50432,1
50433,5
50434,3
50435,2
50436,5
50437,0
50438,4
50439,5
50440,2
50441,5
50442,5
50443,2
50444,1
50445,0
50446,2
50447,3
50448,0
50449,3
50450,4
50451,0
50452,0
50453,1
50454,1
50455,3
50456,2
50457,2
50458,3
50459,1
50460,0
50461,6
50462,6
50463,6
50464,1
50465,6
50466,3
50467,1
50468,2
50469,1
50470,5
50471,3
50472,6
50473,5
50474,5
50475,1
50476,4
50477,3
50478,5
50479,3
50480,2
50481,3
50482,1
50483,2
50484,2
50485,0
50486,6
50487,2
50488,2
50489,6
50490,2
50491,3
50492,5
50493,0
50494,6
50495,5
50496,0
50497,5
50498,1
50499,1
50500,5
50501,3
50502,0
50503,1
50504,0
50505,5
50506,5
50507,1
50508,5
50509,3
50510,3
50511,2
50512,2
50513,5
50514,5
50515,2
50516,4
50517,5
50518,2
50519,1
50520,5
50521,5
50522,0
50523,2
50524,1
50525,0
50526,1
50527,6
50528,2
50529,5
50530,5
50531,3
50532,1
50533,5
50534,4
50535,6
50536,6
50537,1
50538,1
50539,1
50540,5
50541,1
50542,6
50543,0
50544,2
50545,5
50546,0
50547,3
50548,0
50549,6
50550,5
50551,5
50552,5
50553,1
50554,2
50555,5
50556,5
50557,5
50558,1
50559,1
50560,5
50561,4
50562,6
50563,5
50564,5
50565,5
50566,1
50567,0
50568,3
50569,2
50570,3
50571,6
50572,0
50573,6
50574,2
50575,5
50576,1
50577,3
50578,2
50579,1
50580,0
50581,6
50582,2
50583,1
50584,4
50585,6
50586,5
50587,1
50588,2
50589,4
50590,3
50591,0
50592,2
50593,1
50594,5
50595,3
50596,0
50597,5
50598,1
50599,0
50600,5
50601,5
50602,0
50603,6
50604,3
50605,0
50606,5
50607,5
50608,0
50609,2
50610,2
50611,6
50612,0
50613,3
50614,5
50615,0
50616,1
50617,3
50618,1
50619,1
50620,0
50621,5
50622,2
50623,5
50624,6
50625,5
50626,5
50627,0
50628,0
50629,1
50630,5
50631,0
50632,3
50633,5
50634,3
50635,0
50636,5
50637,1
50638,0
50639,5
50640,5
50641,0
50642,1
50643,2
50644,0
50645,5
50646,3
50647,5
50648,1
50649,0
50650,5
50651,2
50652,1
50653,5
50654,0
50655,1
50656,2
50657,5
50658,1
50659,0
50660,6
50661,5
50662,3
50663,0
50664,5
50665,5
50666,2
50667,5
50668,5
50669,0
50670,1
50671,3
50672,5
50673,1
50674,5
50675,6
50676,2
50677,6
50678,5
50679,1
50680,2
50681,1
50682,5
50683,2
50684,5
50685,1
50686,1
50687,0
50688,5
50689,5
50690,0
50691,5
50692,0
50693,0
50694,1
50695,6
50696,5
50697,5
50698,6
50699,6
50700,6
50701,2
50702,1
50703,2
50704,6
50705,0
50706,3
50707,5
50708,2
50709,1
50710,1
50711,1
50712,2
50713,5
50714,1
50715,5
50716,5
50717,3
50718,1
50719,5
50720,0
50721,1
50722,3
50723,0
50724,5
50725,5
50726,3
50727,5
50728,5
50729,5
50730,0
50731,5
50732,3
50733,5
50734,0
50735,1
50736,0
50737,6
50738,2
50739,5
50740,3
50741,5
50742,5
50743,6
50744,4
50745,0
50746,1
50747,1
50748,6
50749,3
50750,0
50751,1
50752,1
50753,1
50754,2
50755,5
50756,1
50757,0
50758,5
50759,0
50760,5
50761,6
50762,0
50763,6
50764,5
50765,5
50766,1
50767,3
50768,0
50769,6
50770,1
50771,2
50772,2
50773,1
50774,5
50775,2
50776,5
50777,6
50778,5
50779,2
50780,0
50781,5
50782,2
50783,1
50784,5
50785,6
50786,6
50787,5
50788,1
50789,0
50790,2
50791,5
50792,6
50793,0
50794,5
50795,6
50796,0
50797,3
50798,2
50799,5
50800,5
50801,2
50802,5
50803,5
50804,1
50805,6
50806,5
50807,1
50808,1
50809,6
50810,5
50811,1
50812,3
50813,5
50814,6
50815,5
50816,5
50817,5
50818,5
50819,5
50820,0
50821,2
50822,5
50823,5
50824,6
50825,3
50826,0
50827,5
50828,4
50829,5
50830,2
50831,5
50832,5
50833,1
50834,4
50835,0
50836,3
50837,5
50838,1
50839,2
50840,0
50841,0
50842,1
50843,3
50844,2
50845,4
50846,6
50847,3
50848,6
50849,5
50850,0
50851,6
50852,1
50853,1
50854,5
50855,1
50856,0
50857,0
50858,3
50859,5
50860,3
50861,3
50862,1
50863,3
50864,5
50865,5
50866,1
50867,0
50868,6
50869,6
50870,0
50871,6
50872,3
50873,1
50874,3
50875,0
50876,6
50877,5
50878,5
50879,0
50880,1
50881,1
50882,5
50883,1
50884,5
50885,5
50886,6
50887,5
50888,5
50889,4
50890,5
50891,2
50892,3
50893,2
50894,6
50895,6
50896,5
50897,0
50898,0
50899,6
50900,2
50901,4
50902,5
50903,6
50904,0
50905,0
50906,5
50907,1
50908,5
50909,5
50910,3
50911,5
50912,6
50913,0
50914,5
50915,6
50916,3
50917,5
50918,4
50919,3
50920,5
50921,2
50922,5
50923,5
50924,6
50925,2
50926,0
50927,1
50928,1
50929,2
50930,6
50931,6
50932,5
50933,1
50934,3
50935,5
50936,5
50937,3
50938,5
50939,6
50940,6
50941,6
50942,6
50943,1
50944,1
50945,5
50946,0
50947,0
50948,0
50949,2
50950,0
50951,3
50952,6
50953,1
50954,0
50955,6
50956,5
50957,2
50958,5
50959,1
50960,6
50961,6
50962,1
50963,2
50964,5
50965,0
50966,1
50967,1
50968,6
50969,5
50970,0
50971,0
50972,6
50973,0
50974,6
50975,3
50976,5
50977,6
50978,0
50979,0
50980,6
50981,1
50982,1
50983,5
50984,6
50985,5
50986,5
50987,3
50988,6
50989,2
50990,2
50991,0
50992,1
50993,6
50994,3
50995,4
50996,0
50997,1
50998,6
50999,1
51000,1
51001,6
51002,5
51003,5
51004,6
51005,6
51006,2
51007,6
51008,5
51009,0
51010,0
51011,5
51012,5
51013,1
51014,6
51015,5
51016,5
51017,1
51018,1
51019,1
51020,6
51021,1
51022,5
51023,0
51024,5
51025,6
51026,0
51027,3
51028,1
51029,5
51030,3
51031,6
51032,6
51033,5
51034,0
51035,5
51036,1
51037,5
51038,6
51039,3
51040,5
51041,6
51042,5
51043,1
51044,3
51045,1
51046,0
51047,0
51048,1
51049,1
51050,5
51051,0
51052,6
51053,5
51054,5
51055,1
51056,1
51057,3
51058,1
51059,0
51060,0
51061,2
51062,0
51063,5
51064,4
51065,2
51066,0
51067,0
51068,1
51069,4
51070,5
51071,1
51072,5
51073,5
51074,0
51075,1
51076,1
51077,2
51078,3
51079,1
51080,0
51081,1
51082,2
51083,0
51084,6
51085,1
51086,0
51087,2
51088,3
51089,4
51090,6
51091,0
51092,0
51093,3
51094,6
51095,4
51096,5
51097,3
51098,5
51099,1
51100,3
51101,5
51102,2
51103,1
51104,0
51105,5
51106,1
51107,3
51108,0
51109,0
51110,3
51111,5
51112,2
51113,4
51114,6
51115,6
51116,4
51117,5
51118,3
51119,1
51120,1
51121,5
51122,3
51123,5
51124,6
51125,1
51126,5
51127,0
51128,5
51129,0
51130,0
51131,6
51132,5
51133,6
51134,4
51135,5
51136,6
51137,5
51138,0
51139,5
51140,6
51141,5
51142,3
51143,6
51144,1
51145,0
51146,5
51147,4
51148,4
51149,5
51150,2
51151,5
51152,6
51153,5
51154,5
51155,0
51156,0
51157,1
51158,5
51159,5
51160,5
51161,1
51162,3
51163,1
51164,5
51165,3
51166,2
51167,2
51168,0
51169,0
51170,2
51171,5
51172,4
51173,5
51174,3
51175,0
51176,1
51177,3
51178,5
51179,0
51180,1
51181,0
51182,5
51183,6
51184,5
51185,5
51186,0
51187,5
51188,5
51189,1
51190,5
51191,3
51192,5
51193,6
51194,3
51195,5
51196,1
51197,1
51198,0
51199,5
51200,1
51201,2
51202,0
51203,6
51204,2
51205,4
51206,3
51207,1
51208,5
51209,0
51210,0
51211,5
51212,5
51213,3
51214,5
51215,5
51216,5
51217,4
51218,4
51219,0
51220,6
51221,6
51222,5
51223,5
51224,5
51225,1
51226,1
51227,5
51228,5
51229,1
51230,6
51231,5
51232,6
51233,2
51234,3
51235,5
51236,0
51237,2
51238,6
51239,5
51240,0
51241,0
51242,5
51243,6
51244,0
51245,1
51246,6
51247,3
51248,5
51249,1
51250,6
51251,0
51252,4
51253,0
51254,5
51255,6
51256,1
51257,1
51258,1
51259,2
51260,1
51261,4
51262,3
51263,0
51264,6
51265,2
51266,5
51267,6
51268,6
51269,1
51270,6
51271,3
51272,2
51273,0
51274,0
51275,6
51276,2
51277,5
51278,5
51279,6
51280,6
51281,3
51282,0
51283,3
51284,6
51285,5
51286,6
51287,1
51288,0
51289,1
51290,5
51291,3
51292,5
51293,2
51294,5
51295,6
51296,0
51297,1
51298,1
51299,3
51300,3
51301,0
51302,6
51303,0
51304,3
51305,5
51306,6
51307,5
51308,5
51309,2
51310,3
51311,5
51312,5
51313,5
51314,3
51315,0
51316,5
51317,5
51318,2
51319,0
51320,2
51321,1
51322,4
51323,0
51324,3
51325,3
51326,5
51327,5
51328,5
51329,2
51330,5
51331,6
51332,4
51333,0
51334,1
51335,3
51336,4
51337,3
51338,2
51339,5
51340,6
51341,0
51342,1
51343,1
51344,5
51345,6
51346,2
51347,5
51348,1
51349,5
51350,0
51351,5
51352,2
51353,2
51354,6
51355,3
51356,4
51357,6
51358,5
51359,4
51360,1
51361,0
51362,0
51363,3
51364,3
51365,5
51366,2
51367,0
51368,5
51369,0
51370,1
51371,0
51372,1
51373,5
51374,5
51375,5
51376,5
51377,5
51378,6
51379,1
51380,0
51381,3
51382,0
51383,6
51384,0
51385,1
51386,3
51387,5
51388,2
51389,0
51390,1
51391,0
51392,2
51393,1
51394,3
51395,2
51396,3
51397,3
51398,0
51399,2
51400,2
51401,1
51402,6
51403,2
51404,6
51405,5
51406,6
51407,5
51408,2
51409,5
51410,5
51411,1
51412,0
51413,1
51414,5
51415,5
51416,3
51417,6
51418,5
51419,2
51420,0
51421,5
51422,0
51423,5
51424,5
51425,6
51426,0
51427,0
51428,0
51429,5
51430,0
51431,3
51432,5
51433,5
51434,0
51435,1
51436,2
51437,6
51438,5
51439,3
51440,3
51441,0
51442,3
51443,3
51444,5
51445,5
51446,2
51447,3
51448,5
51449,5
51450,5
51451,5
51452,0
51453,3
51454,6
51455,5
51456,0
51457,0
51458,1
51459,3
51460,6
51461,2
51462,2
51463,0
51464,2
51465,5
51466,5
51467,0
51468,3
51469,0
51470,6
51471,5
51472,2
51473,5
51474,1
51475,5
51476,1
51477,6
51478,6
51479,6
51480,3
51481,0
51482,5
51483,6
51484,1
51485,3
51486,3
51487,5
51488,3
51489,6
51490,3
51491,2
51492,0
51493,6
51494,4
51495,1
51496,6
51497,0
51498,2
51499,6
51500,0
51501,5
51502,3
51503,5
51504,1
51505,5
51506,5
51507,1
51508,2
51509,0
51510,0
51511,1
51512,2
51513,5
51514,5
51515,2
51516,5
51517,1
51518,5
51519,3
51520,1
51521,4
51522,5
51523,6
51524,4
51525,4
51526,0
51527,0
51528,0
51529,5
51530,1
51531,2
51532,5
51533,5
51534,3
51535,1
51536,5
51537,0
51538,1
51539,0
51540,5
51541,6
51542,4
51543,5
51544,6
51545,5
51546,0
51547,6
51548,1
51549,6
51550,5
51551,5
51552,6
51553,5
51554,5
51555,2
51556,5
51557,5
51558,6
51559,1
51560,0
51561,0
51562,3
51563,0
51564,5
51565,6
51566,2
51567,4
51568,5
51569,1
51570,5
51571,0
51572,5
51573,5
51574,4
51575,4
51576,5
51577,5
51578,6
51579,3
51580,5
51581,0
51582,3
51583,0
51584,0
51585,2
51586,5
51587,6
51588,1
51589,3
51590,5
51591,4
51592,1
51593,5
51594,3
51595,1
51596,6
51597,5
51598,0
51599,1
51600,1
51601,5
51602,0
51603,1
51604,3
51605,6
51606,5
51607,3
51608,5
51609,0
51610,4
51611,1
51612,3
51613,5
51614,5
51615,5
51616,0
51617,6
51618,3
51619,6
51620,6
51621,6
51622,1
51623,1
51624,1
51625,5
51626,5
51627,0
51628,6
51629,1
51630,1
51631,5
51632,0
51633,6
51634,1
51635,1
51636,0
51637,6
51638,5
51639,6
51640,0
51641,3
51642,5
51643,3
51644,5
51645,1
51646,1
51647,0
51648,2
51649,3
51650,0
51651,3
51652,5
51653,5
51654,5
51655,5
51656,1
51657,3
51658,2
51659,3
51660,6
51661,6
51662,2
51663,6
51664,5
51665,4
51666,4
51667,5
51668,3
51669,1
51670,5
51671,5
51672,6
51673,2
51674,4
51675,5
51676,2
51677,0
51678,6
51679,2
51680,5
51681,0
51682,5
51683,2
51684,2
51685,6
51686,0
51687,0
51688,0
51689,4
51690,3
51691,1
51692,1
51693,1
51694,6
51695,5
51696,5
51697,6
51698,1
51699,1
51700,1
51701,1
51702,5
51703,5
51704,2
51705,0
51706,3
51707,4
51708,6
51709,0
51710,6
51711,0
51712,1
51713,3
51714,6
51715,6
51716,0
51717,5
51718,1
51719,5
51720,5
51721,5
51722,5
51723,2
51724,5
51725,6
51726,1
51727,0
51728,1
51729,6
51730,0
51731,1
51732,6
51733,1
51734,6
51735,0
51736,5
51737,0
51738,0
51739,4
51740,2
51741,5
51742,5
51743,1
51744,1
51745,6
51746,5
51747,0
51748,1
51749,4
51750,2
51751,0
51752,3
51753,2
51754,0
51755,2
51756,3
51757,0
51758,6
51759,1
51760,1
51761,3
51762,6
51763,0
51764,1
51765,5
51766,4
51767,3
51768,1
51769,2
51770,1
51771,5
51772,5
51773,0
51774,0
51775,6
51776,2
51777,6
51778,6
51779,5
51780,1
51781,0
51782,5
51783,5
51784,3
51785,3
51786,5
51787,5
51788,0
51789,6
51790,2
51791,0
51792,0
51793,3
51794,1
51795,1
51796,3
51797,6
51798,0
51799,2
51800,3
51801,1
51802,5
51803,6
51804,3
51805,0
51806,6
51807,0
51808,2
51809,1
51810,2
51811,1
51812,1
51813,5
51814,5
51815,5
51816,2
51817,5
51818,6
51819,5
51820,6
51821,1
51822,6
51823,5
51824,2
51825,5
51826,5
51827,2
51828,0
51829,6
51830,4
51831,2
51832,6
51833,3
51834,1
51835,2
51836,5
51837,0
51838,1
51839,5
51840,5
51841,6
51842,6
51843,0
51844,4
51845,5
51846,3
51847,1
51848,5
51849,1
51850,0
51851,6
51852,5
51853,5
51854,4
51855,5
51856,5
51857,0
51858,0
51859,3
51860,1
51861,0
51862,0
51863,1
51864,5
51865,1
51866,1
51867,0
51868,0
51869,1
51870,2
51871,0
51872,1
51873,1
51874,3
51875,0
51876,1
51877,5
51878,5
51879,0
51880,1
51881,3
51882,2
51883,3
51884,3
51885,1
51886,4
51887,3
51888,5
51889,6
51890,5
51891,5
51892,4
51893,5
51894,1
51895,2
51896,1
51897,3
51898,3
51899,5
51900,6
51901,3
51902,6
51903,4
51904,5
51905,6
51906,2
51907,5
51908,1
51909,1
51910,0
51911,6
51912,0
51913,1
51914,3
51915,6
51916,2
51917,1
51918,2
51919,3
51920,2
51921,2
51922,6
51923,5
51924,5
51925,3
51926,5
51927,2
51928,5
51929,5
51930,0
51931,0
51932,0
51933,6
51934,5
51935,6
51936,2
51937,0
51938,6
51939,1
51940,2
51941,0
51942,0
51943,1
51944,0
51945,0
51946,0
51947,5
51948,0
51949,3
51950,2
51951,5
51952,1
51953,5
51954,5
51955,0
51956,1
51957,1
51958,0
51959,1
51960,0
51961,6
51962,6
51963,2
51964,6
51965,5
51966,1
51967,3
51968,2
51969,0
51970,2
51971,3
51972,2
51973,1
51974,0
51975,5
51976,2
51977,2
51978,5
51979,5
51980,0
51981,2
51982,1
51983,0
51984,0
51985,3
51986,0
51987,1
51988,5
51989,2
51990,2
51991,5
51992,5
51993,5
51994,6
51995,5
51996,5
51997,5
51998,5
51999,2
52000,0
52001,3
52002,1
52003,5
52004,0
52005,5
52006,4
52007,3
52008,0
52009,2
52010,0
52011,3
52012,1
52013,0
52014,6
52015,3
52016,6
52017,0
52018,2
52019,0
52020,0
52021,2
52022,5
52023,0
52024,5
52025,1
52026,4
52027,3
52028,6
52029,2
52030,5
52031,6
52032,2
52033,3
52034,1
52035,6
52036,6
52037,5
52038,5
52039,5
52040,6
52041,5
52042,0
52043,5
52044,5
52045,6
52046,0
52047,1
52048,0
52049,5
52050,3
52051,5
52052,3
52053,3
52054,5
52055,6
52056,5
52057,1
52058,5
52059,1
52060,0
52061,6
52062,2
52063,0
52064,1
52065,5
52066,5
52067,2
52068,6
52069,1
52070,0
52071,2
52072,2
52073,1
52074,5
52075,1
52076,6
52077,5
52078,5
52079,3
52080,6
52081,0
52082,5
52083,1
52084,2
52085,1
52086,2
52087,5
52088,6
52089,5
52090,6
52091,5
52092,1
52093,6
52094,5
52095,3
52096,2
52097,0
52098,0
52099,0
52100,5
52101,1
52102,5
52103,0
52104,4
52105,0
52106,2
52107,0
52108,3
52109,1
52110,0
52111,4
52112,6
52113,5
52114,5
52115,5
52116,3
52117,6
52118,5
52119,0
52120,5
52121,4
52122,1
52123,6
52124,6
52125,3
52126,1
52127,6
52128,1
52129,0
52130,6
52131,3
52132,3
52133,5
52134,5
52135,3
52136,5
52137,4
52138,6
52139,5
52140,2
52141,5
52142,3
52143,1
52144,6
52145,0
52146,4
52147,6
52148,0
52149,0
52150,1
52151,0
52152,5
52153,5
52154,5
52155,5
52156,5
52157,0
52158,1
52159,3
52160,3
52161,1
52162,5
52163,0
52164,6
52165,0
52166,5
52167,5
52168,5
52169,5
52170,6
52171,0
52172,2
52173,6
52174,5
52175,0
52176,6
52177,1
52178,2
52179,1
52180,2
52181,5
52182,2
52183,1
52184,5
52185,0
52186,6
52187,0
52188,5
52189,3
52190,0
52191,5
52192,2
52193,0
52194,1
52195,3
52196,5
52197,2
52198,5
52199,5
52200,5
52201,0
52202,6
52203,5
52204,5
52205,3
52206,3
52207,1
52208,0
52209,5
52210,5
52211,5
52212,0
52213,0
52214,1
52215,0
52216,5
52217,2
52218,1
52219,4
52220,0
52221,0
52222,0
52223,0
52224,2
52225,1
52226,0
52227,3
52228,0
52229,5
52230,1
52231,6
52232,0
52233,6
52234,4
52235,5
52236,5
52237,1
52238,1
52239,5
52240,1
52241,5
52242,3
52243,4
52244,1
52245,5
52246,6
52247,6
52248,6
52249,2
52250,1
52251,2
52252,0
52253,0
52254,6
52255,0
52256,4
52257,6
52258,6
52259,6
52260,0
52261,5
52262,1
52263,5
52264,6
52265,6
52266,5
52267,0
52268,0
52269,5
52270,0
52271,6
52272,1
52273,0
52274,2
52275,0
52276,2
52277,6
52278,1
52279,1
52280,5
52281,0
52282,5
52283,5
52284,0
52285,0
52286,5
52287,2
52288,3
52289,0
52290,6
52291,2
52292,5
52293,5
52294,6
52295,6
52296,2
52297,5
52298,3
52299,6
52300,0
52301,5
52302,2
52303,2
52304,5
52305,5
52306,6
52307,6
52308,1
52309,5
52310,6
52311,3
52312,6
52313,5
52314,2
52315,5
52316,4
52317,1
52318,6
52319,0
52320,3
52321,3
52322,4
52323,6
52324,1
52325,6
52326,6
52327,0
52328,5
52329,4
52330,6
52331,6
52332,5
52333,3
52334,6
52335,6
52336,6
52337,5
52338,5
52339,5
52340,1
52341,5
52342,1
52343,3
52344,6
52345,5
52346,5
52347,3
52348,0
52349,2
52350,0
52351,0
52352,5
52353,1
52354,0
52355,5
52356,0
52357,5
52358,1
52359,3
52360,1
52361,0
52362,1
52363,6
52364,5
52365,3
52366,0
52367,6
52368,3
52369,5
52370,3
52371,0
52372,1
52373,5
52374,5
52375,0
52376,3
52377,5
52378,0
52379,3
52380,5
52381,1
52382,6
52383,0
52384,0
52385,5
52386,6
52387,0
52388,5
52389,6
52390,5
52391,5
52392,5
52393,3
52394,5
52395,5
52396,3
52397,1
52398,2
52399,5
52400,6
52401,2
52402,0
52403,1
52404,2
52405,1
52406,6
52407,0
52408,2
52409,2
52410,1
52411,5
52412,1
52413,5
52414,5
52415,2
52416,1
52417,0
52418,6
52419,2
52420,1
52421,2
52422,6
52423,6
52424,6
52425,4
52426,5
52427,3
52428,6
52429,5
52430,0
52431,0
52432,0
52433,2
52434,5
52435,1
52436,1
52437,4
52438,5
52439,2
52440,0
52441,4
52442,5
52443,6
52444,3
52445,6
52446,2
52447,4
52448,2
52449,5
52450,5
52451,1
52452,1
52453,0
52454,3
52455,6
52456,3
52457,3
52458,3
52459,5
52460,5
52461,6
52462,4
52463,5
52464,5
52465,5
52466,2
52467,5
52468,5
52469,0
52470,1
52471,0
52472,6
52473,2
52474,3
52475,5
52476,0
52477,6
52478,3
52479,4
52480,2
52481,1
52482,1
52483,5
52484,6
52485,3
52486,5
52487,4
52488,0
52489,5
52490,5
52491,1
52492,3
52493,4
52494,3
52495,0
52496,0
52497,5
52498,1
52499,1
52500,5
52501,5
52502,2
52503,5
52504,3
52505,5
52506,5
52507,0
52508,0
52509,2
52510,5
52511,0
52512,6
52513,0
52514,0
52515,5
52516,3
52517,6
52518,0
52519,1
52520,6
52521,4
52522,3
52523,6
52524,3
52525,1
52526,5
52527,3
52528,1
52529,3
52530,5
52531,2
52532,5
52533,0
52534,6
52535,6
52536,6
52537,5
52538,0
52539,3
52540,5
52541,0
52542,2
52543,2
52544,5
52545,2
52546,6
52547,2
52548,6
52549,0
52550,1
52551,5
52552,0
52553,2
52554,5
52555,4
52556,5
52557,2
52558,5
52559,1
52560,1
52561,0
52562,6
52563,5
52564,3
52565,3
52566,4
52567,6
52568,2
52569,6
52570,4
52571,5
52572,5
52573,5
52574,1
52575,5
52576,1
52577,3
52578,0
52579,0
52580,2
52581,5
52582,1
52583,5
52584,0
52585,6
52586,1
52587,5
52588,1
52589,1
52590,5
52591,1
52592,0
52593,0
52594,0
52595,6
52596,5
52597,0
52598,0
52599,6
52600,5
52601,2
52602,1
52603,3
52604,5
52605,3
52606,2
52607,2
52608,5
52609,0
52610,6
52611,1
52612,5
52613,5
52614,0
52615,3
52616,6
52617,0
52618,1
52619,1
52620,1
52621,5
52622,1
52623,6
52624,0
52625,5
52626,2
52627,6
52628,5
52629,5
52630,5
52631,5
52632,5
52633,5
52634,5
52635,5
52636,5
52637,0
52638,0
52639,2
52640,1
52641,5
52642,2
52643,2
52644,4
52645,0
52646,0
52647,0
52648,5
52649,1
52650,6
52651,4
52652,0
52653,0
52654,5
52655,1
52656,6
52657,5
52658,6
52659,6
52660,3
52661,6
52662,6
52663,5
52664,1
52665,5
52666,1
52667,4
52668,5
52669,2
52670,3
52671,5
52672,0
52673,0
52674,5
52675,0
52676,2
52677,1
52678,6
52679,5
52680,0
52681,2
52682,1
52683,1
52684,0
52685,4
52686,5
52687,5
52688,3
52689,1
52690,3
52691,2
52692,1
52693,5
52694,5
52695,3
52696,4
52697,5
52698,1
52699,5
52700,5
52701,5
52702,0
52703,6
52704,5
52705,5
52706,0
52707,5
52708,5
52709,6
52710,5
52711,4
52712,4
52713,5
52714,6
52715,1
52716,0
52717,4
52718,5
52719,5
52720,1
52721,3
52722,3
52723,5
52724,0
52725,6
52726,1
52727,1
52728,6
52729,5
52730,6
52731,1
52732,6
52733,3
52734,0
52735,0
52736,0
52737,3
52738,2
52739,4
52740,6
52741,4
52742,1
52743,0
52744,1
52745,5
52746,0
52747,5
52748,0
52749,1
52750,6
52751,5
52752,5
52753,6
52754,0
52755,0
52756,0
52757,0
52758,4
52759,0
52760,0
52761,2
52762,3
52763,1
52764,5
52765,6
52766,0
52767,5
52768,5
52769,3
52770,5
52771,0
52772,5
52773,6
52774,0
52775,5
52776,4
52777,0
52778,2
52779,0
52780,1
52781,0
52782,6
52783,5
52784,5
52785,5
52786,6
52787,5
52788,5
52789,6
52790,6
52791,5
52792,6
52793,0
52794,0
52795,0
52796,1
52797,6
52798,5
52799,6
52800,1
52801,6
52802,6
52803,6
52804,5
52805,5
52806,6
52807,6
52808,6
52809,6
52810,2
52811,0
52812,0
52813,1
52814,5
52815,6
52816,5
52817,1
52818,6
52819,3
52820,5
52821,5
52822,1
52823,0
52824,0
52825,2
52826,4
52827,0
52828,6
52829,5
52830,5
52831,5
52832,6
52833,1
52834,5
52835,5
52836,1
52837,3
52838,0
52839,5
52840,5
52841,6
52842,6
52843,0
52844,5
52845,6
52846,2
52847,0
52848,5
52849,6
52850,1
52851,1
52852,0
52853,2
52854,3
52855,5
52856,5
52857,0
52858,0
52859,1
52860,0
52861,0
52862,6
52863,6
52864,5
52865,5
52866,1
52867,6
52868,3
52869,5
52870,5
52871,1
52872,3
52873,1
52874,0
52875,2
52876,6
52877,4
52878,2
52879,6
52880,6
52881,6
52882,6
52883,0
52884,1
52885,0
52886,5
52887,0
52888,6
52889,6
52890,0
52891,5
52892,1
52893,0
52894,5
52895,5
52896,6
52897,3
52898,5
52899,5
52900,5
52901,1
52902,5
52903,4
52904,0
52905,6
52906,6
52907,6
52908,5
52909,1
52910,1
52911,3
52912,6
52913,5
52914,1
52915,2
52916,4
52917,1
52918,6
52919,3
52920,2
52921,6
52922,1
52923,5
52924,0
52925,5
52926,2
52927,3
52928,2
52929,3
52930,5
52931,0
52932,1
52933,0
52934,0
52935,2
52936,6
52937,3
52938,0
52939,2
52940,0
52941,0
52942,6
52943,0
52944,4
52945,5
52946,0
52947,2
52948,2
52949,0
52950,0
52951,5
52952,2
52953,2
52954,5
52955,6
52956,2
52957,5
52958,5
52959,0
52960,6
52961,0
52962,1
52963,6
52964,0
52965,1
52966,0
52967,4
52968,3
52969,5
52970,0
52971,6
52972,2
52973,1
52974,1
52975,5
52976,5
52977,1
52978,5
52979,2
52980,5
52981,0
52982,0
52983,3
52984,5
52985,5
52986,3
52987,1
52988,6
52989,5
52990,0
52991,0
52992,0
52993,1
52994,1
52995,0
52996,3
52997,1
52998,4
52999,3
53000,0
53001,2
53002,0
53003,2
53004,6
53005,5
53006,5
53007,3
53008,3
53009,1
53010,6
53011,6
53012,0
53013,2
53014,5
53015,0
53016,1
53017,3
53018,5
53019,1
53020,1
53021,0
53022,1
53023,5
53024,3
53025,6
53026,6
53027,2
53028,5
53029,5
53030,6
53031,6
53032,0
53033,5
53034,1
53035,5
53036,6
53037,2
53038,5
53039,6
53040,3
53041,5
53042,6
53043,0
53044,5
53045,2
53046,1
53047,2
53048,0
53049,5
53050,6
53051,5
53052,2
53053,1
53054,0
53055,5
53056,1
53057,5
53058,6
53059,0
53060,0
53061,5
53062,2
53063,0
53064,1
53065,0
53066,2
53067,3
53068,1
53069,5
53070,5
53071,5
53072,5
53073,5
53074,5
53075,5
53076,5
53077,5
53078,5
53079,5
53080,5
53081,2
53082,5
53083,1
53084,1
53085,5
53086,3
53087,0
53088,5
53089,0
53090,0
53091,4
53092,0
53093,6
53094,5
53095,0
53096,2
53097,0
53098,5
53099,5
53100,5
53101,5
53102,5
53103,1
53104,5
53105,0
53106,6
53107,5
53108,3
53109,3
53110,4
53111,3
53112,5
53113,2
53114,0
53115,6
53116,1
53117,3
53118,0
53119,2
53120,2
53121,6
53122,1
53123,5
53124,1
53125,1
53126,5
53127,5
53128,5
53129,0
53130,5
53131,1
53132,5
53133,5
53134,5
53135,5
53136,3
53137,1
53138,5
53139,3
53140,6
53141,1
53142,1
53143,3
53144,6
53145,1
53146,5
53147,5
53148,6
53149,5
53150,2
53151,1
53152,5
53153,5
53154,5
53155,1
53156,2
53157,1
53158,3
53159,1
53160,0
53161,5
53162,4
53163,1
53164,1
53165,5
53166,0
53167,2
53168,1
53169,6
53170,2
53171,2
53172,2
53173,1
53174,5
53175,5
53176,0
53177,5
53178,5
53179,2
53180,6
53181,3
53182,1
53183,0
53184,5
53185,2
53186,5
53187,0
53188,6
53189,5
53190,0
53191,1
53192,2
53193,1
53194,1
53195,3
53196,6
53197,0
53198,3
53199,5
53200,1
53201,0
53202,5
53203,5
53204,6
53205,6
53206,0
53207,1
53208,6
53209,5
53210,5
53211,5
53212,0
53213,0
53214,6
53215,6
53216,1
53217,4
53218,5
53219,0
53220,1
53221,0
53222,2
53223,6
53224,5
53225,5
53226,5
53227,1
53228,5
53229,0
53230,4
53231,6
53232,6
53233,5
53234,0
53235,5
53236,6
53237,5
53238,2
53239,5
53240,0
53241,5
53242,5
53243,6
53244,4
53245,0
53246,4
53247,5
53248,3
53249,5
53250,3
53251,3
53252,6
53253,5
53254,3
53255,1
53256,5
53257,0
53258,5
53259,0
53260,1
53261,6
53262,6
53263,1
53264,5
53265,5
53266,5
53267,0
53268,2
53269,0
53270,1
53271,0
53272,5
53273,5
53274,4
53275,1
53276,0
53277,0
53278,6
53279,6
53280,6
53281,6
53282,3
53283,0
53284,1
53285,1
53286,1
53287,1
53288,6
53289,3
53290,3
53291,6
53292,6
53293,0
53294,0
53295,0
53296,6
53297,2
53298,1
53299,2
53300,0
53301,5
53302,3
53303,5
53304,2
53305,1
53306,3
53307,5
53308,0
53309,5
53310,6
53311,0
53312,6
53313,5
53314,0
53315,4
53316,3
53317,4
53318,5
53319,1
53320,6
53321,1
53322,2
53323,3
53324,1
53325,6
53326,6
53327,6
53328,0
53329,6
53330,5
53331,6
53332,2
53333,0
53334,3
53335,5
53336,0
53337,6
53338,1
53339,0
53340,6
53341,6
53342,5
53343,5
53344,1
53345,6
53346,5
53347,6
53348,5
53349,5
53350,5
53351,2
53352,1
53353,0
53354,2
53355,6
53356,6
53357,0
53358,0
53359,3
53360,6
53361,6
53362,3
53363,3
53364,1
53365,1
53366,4
53367,1
53368,0
53369,5
53370,3
53371,2
53372,5
53373,1
53374,1
53375,5
53376,5
53377,1
53378,6
53379,3
53380,4
53381,0
53382,6
53383,1
53384,4
53385,5
53386,5
53387,1
53388,6
53389,3
53390,3
53391,5
53392,5
53393,0
53394,1
53395,6
53396,0
53397,2
53398,2
53399,1
53400,0
53401,1
53402,0
53403,5
53404,5
53405,0
53406,0
53407,1
53408,3
53409,5
53410,6
53411,0
53412,1
53413,0
53414,6
53415,5
53416,0
53417,2
53418,3
53419,3
53420,6
53421,0
53422,0
53423,0
